0.00101 ,0,
0.00201 ,0,
0.00301 ,0,
0.00401 ,0,
0.00501 ,0,
0.00601 ,0,
0.00701 ,0,
0.00801 ,0,
0.00901 ,0,
0.01001 ,0,
0.01101 ,0,
0.01201 ,0,
0.01301 ,0,
0.01401 ,0,
0.01501 ,0,
0.01601 ,0,
0.01701 ,0,
0.01801 ,0,
0.01901 ,0,
0.02001 ,0,
0.02101 ,0,
0.02201 ,0,
0.02301 ,0,
0.02401 ,0,
0.02501 ,0,
0.02601 ,0,
0.02701 ,0,
0.02801 ,0,
0.02901 ,0,
0.03001 ,0,
0.03101 ,0,
0.03201 ,0,
0.03301 ,0,
0.03401 ,0,
0.03501 ,0,
0.03601 ,0,
0.03701 ,536,
0.03801 ,1072,
0.03901 ,1608,
0.04001 ,2144,
0.04101 ,3216,
0.04201 ,4288,
0.04301 ,5360,
0.04401 ,6432,
0.04501 ,7504,
0.04601 ,9112,
0.04701 ,10720,
0.04801 ,12328,
0.04901 ,13936,
0.05001 ,15544,
0.05101 ,17688,
0.05201 ,19832,
0.05301 ,21976,
0.05401 ,24120,
0.05501 ,26800,
0.05601 ,29480,
0.05701 ,32160,
0.05801 ,34840,
0.05901 ,37520,
0.06001 ,40736,
0.06101 ,43952,
0.06201 ,47168,
0.06301 ,50384,
0.06401 ,53600,
0.06501 ,57352,
0.06601 ,61104,
0.06701 ,64856,
0.06801 ,68608,
0.06901 ,72360,
0.07001 ,76648,
0.07101 ,80936,
0.07201 ,85224,
0.07301 ,89512,
0.07401 ,94336,
0.07501 ,99160,
0.07601 ,103984,
0.07701 ,108808,
0.07801 ,113632,
0.07901 ,118992,
0.08001 ,124352,
0.08101 ,129712,
0.08201 ,135072,
0.08301 ,140432,
0.08401 ,146328,
0.08501 ,152224,
0.08601 ,158120,
0.08701 ,164016,
0.08801 ,170448,
0.08901 ,176880,
0.09001 ,183312,
0.09101 ,189744,
0.09201 ,196176,
0.09301 ,203144,
0.09401 ,210112,
0.09501 ,217080,
0.09601 ,224048,
0.09701 ,231016,
0.09801 ,238520,
0.09901 ,246024,
0.10001 ,253528,
0.10101 ,261032,
0.10201 ,268536,
0.10301 ,276576,
0.10401 ,284616,
0.10501 ,292656,
0.10601 ,300696,
0.10701 ,309272,
0.10801 ,317848,
0.10901 ,326424,
0.11001 ,335000,
0.11101 ,343576,
0.11201 ,352688,
0.11301 ,361800,
0.11401 ,370912,
0.11501 ,380024,
0.11601 ,389136,
0.11701 ,398784,
0.11801 ,408432,
0.11901 ,418080,
0.12001 ,427728,
0.12101 ,437376,
0.12201 ,447560,
0.12301 ,457744,
0.12401 ,467928,
0.12501 ,478112,
0.12601 ,488832,
0.12701 ,499552,
0.12801 ,510272,
0.12901 ,520992,
0.13001 ,531712,
0.13101 ,542968,
0.13201 ,554224,
0.13301 ,565480,
0.13401 ,576736,
0.13501 ,587992,
0.13601 ,599784,
0.13701 ,611576,
0.13801 ,623368,
0.13901 ,635160,
0.14001 ,647488,
0.14101 ,659816,
0.14201 ,672144,
0.14301 ,684472,
0.14401 ,696800,
0.14501 ,709664,
0.14601 ,722528,
0.14701 ,735392,
0.14801 ,748256,
0.14901 ,761120,
0.15001 ,773984,
0.15101 ,786848,
0.15201 ,799712,
0.15301 ,812576,
0.15401 ,825440,
0.15501 ,838304,
0.15601 ,851168,
0.15701 ,864032,
0.15801 ,876896,
0.15901 ,889760,
0.16001 ,902624,
0.16101 ,915488,
0.16201 ,928352,
0.16301 ,941216,
0.16401 ,954080,
0.16501 ,966944,
0.16601 ,979808,
0.16701 ,992672,
0.16801 ,1005536,
0.16901 ,1018400,
0.17001 ,1031264,
0.17101 ,1044128,
0.17201 ,1056992,
0.17301 ,1069856,
0.17401 ,1082720,
0.17501 ,1095584,
0.17601 ,1108448,
0.17701 ,1121312,
0.17801 ,1134176,
0.17901 ,1147040,
0.18001 ,1159904,
0.18101 ,1172768,
0.18201 ,1185632,
0.18301 ,1198496,
0.18401 ,1211360,
0.18501 ,1224224,
0.18601 ,1237088,
0.18701 ,1249952,
0.18801 ,1262816,
0.18901 ,1275680,
0.19001 ,1288544,
0.19101 ,1301408,
0.19201 ,1314272,
0.19301 ,1327136,
0.19401 ,1340000,
0.19501 ,1352864,
0.19601 ,1365728,
0.19701 ,1378592,
0.19801 ,1391456,
0.19901 ,1404320,
0.20001 ,1417184,
0.20101 ,1430048,
0.20201 ,1442912,
0.20301 ,1455776,
0.20401 ,1468640,
0.20501 ,1481504,
0.20601 ,1494368,
0.20701 ,1507232,
0.20801 ,1520096,
0.20901 ,1532960,
0.21001 ,1545824,
0.21101 ,1558688,
0.21201 ,1571552,
0.21301 ,1584416,
0.21401 ,1597280,
0.21501 ,1610144,
0.21601 ,1623008,
0.21701 ,1635872,
0.21801 ,1648736,
0.21901 ,1661600,
0.22001 ,1674464,
0.22101 ,1687328,
0.22201 ,1700192,
0.22301 ,1713056,
0.22401 ,1725920,
0.22501 ,1738784,
0.22601 ,1751648,
0.22701 ,1764512,
0.22801 ,1777376,
0.22901 ,1790240,
0.23001 ,1803104,
0.23101 ,1815968,
0.23201 ,1828832,
0.23301 ,1841696,
0.23401 ,1854560,
0.23501 ,1867424,
0.23601 ,1880288,
0.23701 ,1893152,
0.23801 ,1906016,
0.23901 ,1918880,
0.24001 ,1931744,
0.24101 ,1944608,
0.24201 ,1957472,
0.24301 ,1970336,
0.24401 ,1983200,
0.24501 ,1996064,
0.24601 ,2008928,
0.24701 ,2021792,
0.24801 ,2034656,
0.24901 ,2047520,
0.25001 ,2060384,
0.25101 ,2073248,
0.25201 ,2086112,
0.25301 ,2098976,
0.25401 ,2111840,
0.25501 ,2124704,
0.25601 ,2137568,
0.25701 ,2150432,
0.25801 ,2163296,
0.25901 ,2177410,
0.26001 ,2191524,
0.26101 ,2205638,
0.26201 ,2219752,
0.26301 ,2233866,
0.26401 ,2260308,
0.26501 ,2286750,
0.26601 ,2313192,
0.26701 ,2339634,
0.26801 ,2366076,
0.26901 ,2392518,
0.27001 ,2418960,
0.27101 ,2445402,
0.27201 ,2471844,
0.27301 ,2498286,
0.27401 ,2524728,
0.27501 ,2551170,
0.27601 ,2577612,
0.27701 ,2604054,
0.27801 ,2630496,
0.27901 ,2656938,
0.28001 ,2683380,
0.28101 ,2709822,
0.28201 ,2736264,
0.28301 ,2762706,
0.28401 ,2789148,
0.28501 ,2815590,
0.28601 ,2842032,
0.28701 ,2868474,
0.28801 ,2894916,
0.28901 ,2921358,
0.29001 ,2947800,
0.29101 ,2974242,
0.29201 ,3000684,
0.29301 ,3028376,
0.29401 ,3056068,
0.29501 ,3083760,
0.29601 ,3111452,
0.29701 ,3139144,
0.29801 ,3166836,
0.29901 ,3194528,
0.30001 ,3222220,
0.30101 ,3249912,
0.30201 ,3277604,
0.30301 ,3305296,
0.30401 ,3332988,
0.30501 ,3360680,
0.30601 ,3388372,
0.30701 ,3416064,
0.30801 ,3443756,
0.30901 ,3471448,
0.31001 ,3499140,
0.31101 ,3526832,
0.31201 ,3554524,
0.31301 ,3582216,
0.31401 ,3609908,
0.31501 ,3637600,
0.31601 ,3665292,
0.31701 ,3692984,
0.31801 ,3720676,
0.31901 ,3748368,
0.32001 ,3776060,
0.32101 ,3803752,
0.32201 ,3831444,
0.32301 ,3859136,
0.32401 ,3886828,
0.32501 ,3914520,
0.32601 ,3942212,
0.32701 ,3969904,
0.32801 ,3997596,
0.32901 ,4025288,
0.33001 ,4052980,
0.33101 ,4080672,
0.33201 ,4108364,
0.33301 ,4136056,
0.33401 ,4163748,
0.33501 ,4191440,
0.33601 ,4219132,
0.33701 ,4246824,
0.33801 ,4274516,
0.33901 ,4302208,
0.34001 ,4329900,
0.34101 ,4357592,
0.34201 ,4385284,
0.34301 ,4412976,
0.34401 ,4440668,
0.34501 ,4468360,
0.34601 ,4496052,
0.34701 ,4523744,
0.34801 ,4551436,
0.34901 ,4579128,
0.35001 ,4606820,
0.35101 ,4634512,
0.35201 ,4662204,
0.35301 ,4689896,
0.35401 ,4717588,
0.35501 ,4745280,
0.35601 ,4772972,
0.35701 ,4800664,
0.35801 ,4828356,
0.35901 ,4856048,
0.36001 ,4883740,
0.36101 ,4912682,
0.36201 ,4941624,
0.36301 ,4970566,
0.36401 ,4999508,
0.36501 ,5028450,
0.36601 ,5057392,
0.36701 ,5086334,
0.36801 ,5115276,
0.36901 ,5144218,
0.37001 ,5173160,
0.37101 ,5202102,
0.37201 ,5231044,
0.37301 ,5259986,
0.37401 ,5288928,
0.37501 ,5321086,
0.37601 ,5353244,
0.37701 ,5385402,
0.37801 ,5417560,
0.37901 ,5449718,
0.38001 ,5481876,
0.38101 ,5514034,
0.38201 ,5546192,
0.38301 ,5578350,
0.38401 ,5610508,
0.38501 ,5642666,
0.38601 ,5674824,
0.38701 ,5706982,
0.38801 ,5739140,
0.38901 ,5771298,
0.39001 ,5803456,
0.39101 ,5835614,
0.39201 ,5867772,
0.39301 ,5899930,
0.39401 ,5932088,
0.39501 ,5965496,
0.39601 ,5998904,
0.39701 ,6032312,
0.39801 ,6065720,
0.39901 ,6099128,
0.40001 ,6132536,
0.40101 ,6165944,
0.40201 ,6199352,
0.40301 ,6232760,
0.40401 ,6266168,
0.40501 ,6299576,
0.40601 ,6332984,
0.40701 ,6366392,
0.40801 ,6399800,
0.40901 ,6433208,
0.41001 ,6466616,
0.41101 ,6500024,
0.41201 ,6533432,
0.41301 ,6566840,
0.41401 ,6600248,
0.41501 ,6633656,
0.41601 ,6667064,
0.41701 ,6700472,
0.41801 ,6733880,
0.41901 ,6767288,
0.42001 ,6800696,
0.42101 ,6834104,
0.42201 ,6867512,
0.42301 ,6900920,
0.42401 ,6934328,
0.42501 ,6967736,
0.42601 ,7001144,
0.42701 ,7034552,
0.42801 ,7069210,
0.42901 ,7103868,
0.43001 ,7138526,
0.43101 ,7173184,
0.43201 ,7207842,
0.43301 ,7242500,
0.43401 ,7277158,
0.43501 ,7311816,
0.43601 ,7346474,
0.43701 ,7381132,
0.43801 ,7415790,
0.43901 ,7450448,
0.44001 ,7485106,
0.44101 ,7519764,
0.44201 ,7554422,
0.44301 ,7589080,
0.44401 ,7623738,
0.44501 ,7658396,
0.44601 ,7693054,
0.44701 ,7727712,
0.44801 ,7762370,
0.44901 ,7797028,
0.45001 ,7831686,
0.45101 ,7866344,
0.45201 ,7901002,
0.45301 ,7935660,
0.45401 ,7970318,
0.45501 ,8004976,
0.45601 ,8039634,
0.45701 ,8074292,
0.45801 ,8108950,
0.45901 ,8143608,
0.46001 ,8178266,
0.46101 ,8212924,
0.46201 ,8248832,
0.46301 ,8284740,
0.46401 ,8320648,
0.46501 ,8356556,
0.46601 ,8392464,
0.46701 ,8428372,
0.46801 ,8464280,
0.46901 ,8500188,
0.47001 ,8536096,
0.47101 ,8572004,
0.47201 ,8609162,
0.47301 ,8646320,
0.47401 ,8683478,
0.47501 ,8720636,
0.47601 ,8757794,
0.47701 ,8794952,
0.47801 ,8832110,
0.47901 ,8869268,
0.48001 ,8906426,
0.48101 ,8943584,
0.48201 ,8980742,
0.48301 ,9017900,
0.48401 ,9055058,
0.48501 ,9092216,
0.48601 ,9129374,
0.48701 ,9166532,
0.48801 ,9203690,
0.48901 ,9240848,
0.49001 ,9278006,
0.49101 ,9315164,
0.49201 ,9353572,
0.49301 ,9391980,
0.49401 ,9430388,
0.49501 ,9468796,
0.49601 ,9507204,
0.49701 ,9545612,
0.49801 ,9584020,
0.49901 ,9622428,
0.50001 ,9660836,
0.50101 ,9699244,
0.50201 ,9738902,
0.50301 ,9778560,
0.50401 ,9818218,
0.50501 ,9857876,
0.50601 ,9897534,
0.50701 ,9937192,
0.50801 ,9976850,
0.50901 ,10016508,
0.51001 ,10056166,
0.51101 ,10095824,
0.51201 ,10135482,
0.51301 ,10175140,
0.51401 ,10214798,
0.51501 ,10254456,
0.51601 ,10294114,
0.51701 ,10333772,
0.51801 ,10373430,
0.51901 ,10413088,
0.52001 ,10452746,
0.52101 ,10492404,
0.52201 ,10532062,
0.52301 ,10571720,
0.52401 ,10611378,
0.52501 ,10651036,
0.52601 ,10690694,
0.52701 ,10731602,
0.52801 ,10772510,
0.52901 ,10813418,
0.53001 ,10854326,
0.53101 ,10895234,
0.53201 ,10936142,
0.53301 ,10977050,
0.53401 ,11017958,
0.53501 ,11058866,
0.53601 ,11099774,
0.53701 ,11141932,
0.53801 ,11184090,
0.53901 ,11226248,
0.54001 ,11268406,
0.54101 ,11310564,
0.54201 ,11352722,
0.54301 ,11394880,
0.54401 ,11437038,
0.54501 ,11479196,
0.54601 ,11521354,
0.54701 ,11563512,
0.54801 ,11605670,
0.54901 ,11647828,
0.55001 ,11689986,
0.55101 ,11732144,
0.55201 ,11774302,
0.55301 ,11816460,
0.55401 ,11858618,
0.55501 ,11900776,
0.55601 ,11942934,
0.55701 ,11985092,
0.55801 ,12027250,
0.55901 ,12069408,
0.56001 ,12111566,
0.56101 ,12154974,
0.56201 ,12198382,
0.56301 ,12241790,
0.56401 ,12285198,
0.56501 ,12328606,
0.56601 ,12372014,
0.56701 ,12415422,
0.56801 ,12458830,
0.56901 ,12502238,
0.57001 ,12545646,
0.57101 ,12589054,
0.57201 ,12633712,
0.57301 ,12678370,
0.57401 ,12723028,
0.57501 ,12767686,
0.57601 ,12812344,
0.57701 ,12857002,
0.57801 ,12901660,
0.57901 ,12946318,
0.58001 ,12990976,
0.58101 ,13035634,
0.58201 ,13080292,
0.58301 ,13124950,
0.58401 ,13169608,
0.58501 ,13214266,
0.58601 ,13258924,
0.58701 ,13303582,
0.58801 ,13348240,
0.58901 ,13392898,
0.59001 ,13437556,
0.59101 ,13482214,
0.59201 ,13526872,
0.59301 ,13571530,
0.59401 ,13616188,
0.59501 ,13660846,
0.59601 ,13706754,
0.59701 ,13752662,
0.59801 ,13798570,
0.59901 ,13844478,
0.60001 ,13890386,
0.60101 ,13936294,
0.60201 ,13982202,
0.60301 ,14028110,
0.60401 ,14074018,
0.60501 ,14119926,
0.60601 ,14167084,
0.60701 ,14214242,
0.60801 ,14261400,
0.60901 ,14308558,
0.61001 ,14355716,
0.61101 ,14402874,
0.61201 ,14450032,
0.61301 ,14497190,
0.61401 ,14544348,
0.61501 ,14591506,
0.61601 ,14638664,
0.61701 ,14685822,
0.61801 ,14732980,
0.61901 ,14780138,
0.62001 ,14827296,
0.62101 ,14874454,
0.62201 ,14921612,
0.62301 ,14968770,
0.62401 ,15015928,
0.62501 ,15063086,
0.62601 ,15111494,
0.62701 ,15159902,
0.62801 ,15208310,
0.62901 ,15256718,
0.63001 ,15305126,
0.63101 ,15353534,
0.63201 ,15401942,
0.63301 ,15450350,
0.63401 ,15498758,
0.63501 ,15547166,
0.63601 ,15596824,
0.63701 ,15646482,
0.63801 ,15696140,
0.63901 ,15745798,
0.64001 ,15795456,
0.64101 ,15845114,
0.64201 ,15894772,
0.64301 ,15944430,
0.64401 ,15994088,
0.64501 ,16043746,
0.64601 ,16093404,
0.64701 ,16143062,
0.64801 ,16192720,
0.64901 ,16242378,
0.65001 ,16292036,
0.65101 ,16341694,
0.65201 ,16391352,
0.65301 ,16441010,
0.65401 ,16490668,
0.65501 ,16540326,
0.65601 ,16589984,
0.65701 ,16639642,
0.65801 ,16689300,
0.65901 ,16738958,
0.66001 ,16788616,
0.66101 ,16839524,
0.66201 ,16890432,
0.66301 ,16941340,
0.66401 ,16992248,
0.66501 ,17043156,
0.66601 ,17094064,
0.66701 ,17144972,
0.66801 ,17195880,
0.66901 ,17246788,
0.67001 ,17297696,
0.67101 ,17349854,
0.67201 ,17402012,
0.67301 ,17454170,
0.67401 ,17506328,
0.67501 ,17558486,
0.67601 ,17610644,
0.67701 ,17662802,
0.67801 ,17714960,
0.67901 ,17767118,
0.68001 ,17819276,
0.68101 ,17872684,
0.68201 ,17926092,
0.68301 ,17979500,
0.68401 ,18032908,
0.68501 ,18086316,
0.68601 ,18139724,
0.68701 ,18193132,
0.68801 ,18246540,
0.68901 ,18299948,
0.69001 ,18353356,
0.69101 ,18406764,
0.69201 ,18460172,
0.69301 ,18513580,
0.69401 ,18566988,
0.69501 ,18620396,
0.69601 ,18675054,
0.69701 ,18729712,
0.69801 ,18784370,
0.69901 ,18839028,
0.70001 ,18893686,
0.70101 ,18948344,
0.70201 ,19003002,
0.70301 ,19057660,
0.70401 ,19112318,
0.70501 ,19166976,
0.70601 ,19222884,
0.70701 ,19278792,
0.70801 ,19334700,
0.70901 ,19390608,
0.71001 ,19446516,
0.71101 ,19502424,
0.71201 ,19558332,
0.71301 ,19614240,
0.71401 ,19670148,
0.71501 ,19726056,
0.71601 ,19781964,
0.71701 ,19839122,
0.71801 ,19896280,
0.71901 ,19953438,
0.72001 ,20010596,
0.72101 ,20067754,
0.72201 ,20124912,
0.72301 ,20182070,
0.72401 ,20239228,
0.72501 ,20296386,
0.72601 ,20353544,
0.72701 ,20410702,
0.72801 ,20467860,
0.72901 ,20525018,
0.73001 ,20582176,
0.73101 ,20639334,
0.73201 ,20696492,
0.73301 ,20753650,
0.73401 ,20810808,
0.73501 ,20867966,
0.73601 ,20926374,
0.73701 ,20984782,
0.73801 ,21043190,
0.73901 ,21101598,
0.74001 ,21160006,
0.74101 ,21218414,
0.74201 ,21276822,
0.74301 ,21335230,
0.74401 ,21393638,
0.74501 ,21452046,
0.74601 ,21511704,
0.74701 ,21571362,
0.74801 ,21631020,
0.74901 ,21690678,
0.75001 ,21750336,
0.75101 ,21809994,
0.75201 ,21869652,
0.75301 ,21929310,
0.75401 ,21988968,
0.75501 ,22048626,
0.75601 ,22108284,
0.75701 ,22169192,
0.75801 ,22230100,
0.75901 ,22291008,
0.76001 ,22351916,
0.76101 ,22412824,
0.76201 ,22473732,
0.76301 ,22534640,
0.76401 ,22595548,
0.76501 ,22656456,
0.76601 ,22717364,
0.76701 ,22778272,
0.76801 ,22839180,
0.76901 ,22900088,
0.77001 ,22960996,
0.77101 ,23021904,
0.77201 ,23082812,
0.77301 ,23143720,
0.77401 ,23204628,
0.77501 ,23265536,
0.77601 ,23327694,
0.77701 ,23389852,
0.77801 ,23452010,
0.77901 ,23514168,
0.78001 ,23576326,
0.78101 ,23638484,
0.78201 ,23700642,
0.78301 ,23762800,
0.78401 ,23824958,
0.78501 ,23887116,
0.78601 ,23949274,
0.78701 ,24012682,
0.78801 ,24076090,
0.78901 ,24139498,
0.79001 ,24202906,
0.79101 ,24266314,
0.79201 ,24329722,
0.79301 ,24393130,
0.79401 ,24456538,
0.79501 ,24519946,
0.79601 ,24583354,
0.79701 ,24648012,
0.79801 ,24712670,
0.79901 ,24777328,
0.80001 ,24841986,
0.80101 ,24906644,
0.80201 ,24971302,
0.80301 ,25035960,
0.80401 ,25100618,
0.80501 ,25165276,
0.80601 ,25229934,
0.80701 ,25294592,
0.80801 ,25359250,
0.80901 ,25423908,
0.81001 ,25488566,
0.81101 ,25553224,
0.81201 ,25617882,
0.81301 ,25682540,
0.81401 ,25747198,
0.81501 ,25811856,
0.81601 ,25876514,
0.81701 ,25941172,
0.81801 ,26005830,
0.81901 ,26070488,
0.82001 ,26135146,
0.82101 ,26201054,
0.82201 ,26266962,
0.82301 ,26332870,
0.82401 ,26398778,
0.82501 ,26464686,
0.82601 ,26530594,
0.82701 ,26596502,
0.82801 ,26662410,
0.82901 ,26728318,
0.83001 ,26794226,
0.83101 ,26860134,
0.83201 ,26927292,
0.83301 ,26994450,
0.83401 ,27061608,
0.83501 ,27128766,
0.83601 ,27195924,
0.83701 ,27263082,
0.83801 ,27330240,
0.83901 ,27397398,
0.84001 ,27464556,
0.84101 ,27531714,
0.84201 ,27600122,
0.84301 ,27668530,
0.84401 ,27736938,
0.84501 ,27805346,
0.84601 ,27873754,
0.84701 ,27942162,
0.84801 ,28010570,
0.84901 ,28078978,
0.85001 ,28147386,
0.85101 ,28215794,
0.85201 ,28284202,
0.85301 ,28352610,
0.85401 ,28421018,
0.85501 ,28489426,
0.85601 ,28557834,
0.85701 ,28626242,
0.85801 ,28694650,
0.85901 ,28763058,
0.86001 ,28831466,
0.86101 ,28901124,
0.86201 ,28970782,
0.86301 ,29040440,
0.86401 ,29110098,
0.86501 ,29179756,
0.86601 ,29249414,
0.86701 ,29319072,
0.86801 ,29388730,
0.86901 ,29458388,
0.87001 ,29528046,
0.87101 ,29597704,
0.87201 ,29667362,
0.87301 ,29737020,
0.87401 ,29806678,
0.87501 ,29876336,
0.87601 ,29947244,
0.87701 ,30018152,
0.87801 ,30089060,
0.87901 ,30159968,
0.88001 ,30230876,
0.88101 ,30301784,
0.88201 ,30372692,
0.88301 ,30443600,
0.88401 ,30514508,
0.88501 ,30585416,
0.88601 ,30656324,
0.88701 ,30728482,
0.88801 ,30800640,
0.88901 ,30872798,
0.89001 ,30944956,
0.89101 ,31017114,
0.89201 ,31089272,
0.89301 ,31161430,
0.89401 ,31233588,
0.89501 ,31305746,
0.89601 ,31377904,
0.89701 ,31451312,
0.89801 ,31524720,
0.89901 ,31598128,
0.90001 ,31671536,
0.90101 ,31744944,
0.90201 ,31818352,
0.90301 ,31891760,
0.90401 ,31965168,
0.90501 ,32038576,
0.90601 ,32111984,
0.90701 ,32186642,
0.90801 ,32261300,
0.90901 ,32335958,
0.91001 ,32410616,
0.91101 ,32485274,
0.91201 ,32559932,
0.91301 ,32634590,
0.91401 ,32709248,
0.91501 ,32783906,
0.91601 ,32858564,
0.91701 ,32933222,
0.91801 ,33007880,
0.91901 ,33082538,
0.92001 ,33157196,
0.92101 ,33231854,
0.92201 ,33306512,
0.92301 ,33381170,
0.92401 ,33455828,
0.92501 ,33530486,
0.92601 ,33605144,
0.92701 ,33681052,
0.92801 ,33756960,
0.92901 ,33832868,
0.93001 ,33908776,
0.93101 ,33984684,
0.93201 ,34060592,
0.93301 ,34136500,
0.93401 ,34212408,
0.93501 ,34288316,
0.93601 ,34364224,
0.93701 ,34441382,
0.93801 ,34518540,
0.93901 ,34595698,
0.94001 ,34672856,
0.94101 ,34750014,
0.94201 ,34827172,
0.94301 ,34904330,
0.94401 ,34981488,
0.94501 ,35058646,
0.94601 ,35135804,
0.94701 ,35214212,
0.94801 ,35292620,
0.94901 ,35371028,
0.95001 ,35449436,
0.95101 ,35527844,
0.95201 ,35606252,
0.95301 ,35684660,
0.95401 ,35763068,
0.95501 ,35841476,
0.95601 ,35919884,
0.95701 ,35998292,
0.95801 ,36077950,
0.95901 ,36157608,
0.96001 ,36237266,
0.96101 ,36316924,
0.96201 ,36396582,
0.96301 ,36476240,
0.96401 ,36555898,
0.96501 ,36635556,
0.96601 ,36715214,
0.96701 ,36794872,
0.96801 ,36874530,
0.96901 ,36954188,
0.97001 ,37033846,
0.97101 ,37113504,
0.97201 ,37193162,
0.97301 ,37272820,
0.97401 ,37352478,
0.97501 ,37432136,
0.97601 ,37511794,
0.97701 ,37591452,
0.97801 ,37671110,
0.97901 ,37750768,
0.98001 ,37830426,
0.98101 ,37910084,
0.98201 ,37989742,
0.98301 ,38069400,
0.98401 ,38149058,
0.98501 ,38228716,
0.98601 ,38308374,
0.98701 ,38388032,
0.98801 ,38467690,
0.98901 ,38547348,
0.99001 ,38627006,
0.99101 ,38706664,
0.99201 ,38787572,
0.99301 ,38868480,
0.99401 ,38949388,
0.99501 ,39030296,
0.99601 ,39111204,
0.99701 ,39192112,
0.99801 ,39273020,
0.99901 ,39353928,
1.00001 ,39434836,
1.00101 ,39515744,
1.00201 ,39597902,
1.00301 ,39680060,
1.00401 ,39762218,
1.00501 ,39844376,
1.00601 ,39926534,
1.00701 ,40008692,
1.00801 ,40090850,
1.00901 ,40173008,
1.01001 ,40255166,
1.01101 ,40337324,
1.01201 ,40419482,
1.01301 ,40502890,
1.01401 ,40586298,
1.01501 ,40669706,
1.01601 ,40753114,
1.01701 ,40836522,
1.01801 ,40919930,
1.01901 ,41003338,
1.02001 ,41086746,
1.02101 ,41170154,
1.02201 ,41253562,
1.02301 ,41338220,
1.02401 ,41422878,
1.02501 ,41507536,
1.02601 ,41592194,
1.02701 ,41676852,
1.02801 ,41761510,
1.02901 ,41846168,
1.03001 ,41930826,
1.03101 ,42015484,
1.03201 ,42100142,
1.03301 ,42186050,
1.03401 ,42271958,
1.03501 ,42357866,
1.03601 ,42443774,
1.03701 ,42529682,
1.03801 ,42615590,
1.03901 ,42701498,
1.04001 ,42787406,
1.04101 ,42873314,
1.04201 ,42959222,
1.04301 ,43046380,
1.04401 ,43133538,
1.04501 ,43220696,
1.04601 ,43307854,
1.04701 ,43395012,
1.04801 ,43482170,
1.04901 ,43569328,
1.05001 ,43656486,
1.05101 ,43743644,
1.05201 ,43830802,
1.05301 ,43917960,
1.05401 ,44005118,
1.05501 ,44092276,
1.05601 ,44179434,
1.05701 ,44266592,
1.05801 ,44355000,
1.05901 ,44443408,
1.06001 ,44531816,
1.06101 ,44620224,
1.06201 ,44708632,
1.06301 ,44797040,
1.06401 ,44885448,
1.06501 ,44973856,
1.06601 ,45062264,
1.06701 ,45150672,
1.06801 ,45239080,
1.06901 ,45328738,
1.07001 ,45418396,
1.07101 ,45508054,
1.07201 ,45597712,
1.07301 ,45687370,
1.07401 ,45777028,
1.07501 ,45866686,
1.07601 ,45956344,
1.07701 ,46046002,
1.07801 ,46135660,
1.07901 ,46226568,
1.08001 ,46317476,
1.08101 ,46408384,
1.08201 ,46499292,
1.08301 ,46590200,
1.08401 ,46681108,
1.08501 ,46772016,
1.08601 ,46862924,
1.08701 ,46953832,
1.08801 ,47044740,
1.08901 ,47136898,
1.09001 ,47229056,
1.09101 ,47321214,
1.09201 ,47413372,
1.09301 ,47505530,
1.09401 ,47597688,
1.09501 ,47689846,
1.09601 ,47782004,
1.09701 ,47874162,
1.09801 ,47966320,
1.09901 ,48058478,
1.10001 ,48150636,
1.10101 ,48242794,
1.10201 ,48334952,
1.10301 ,48427110,
1.10401 ,48520518,
1.10501 ,48613926,
1.10601 ,48707334,
1.10701 ,48800742,
1.10801 ,48894150,
1.10901 ,48987558,
1.11001 ,49080966,
1.11101 ,49174374,
1.11201 ,49267782,
1.11301 ,49361190,
1.11401 ,49455848,
1.11501 ,49550506,
1.11601 ,49645164,
1.11701 ,49739822,
1.11801 ,49834480,
1.11901 ,49929138,
1.12001 ,50023796,
1.12101 ,50118454,
1.12201 ,50213112,
1.12301 ,50307770,
1.12401 ,50403678,
1.12501 ,50499586,
1.12601 ,50595494,
1.12701 ,50691402,
1.12801 ,50787310,
1.12901 ,50883218,
1.13001 ,50979126,
1.13101 ,51075034,
1.13201 ,51170942,
1.13301 ,51266850,
1.13401 ,51362758,
1.13501 ,51459916,
1.13601 ,51557074,
1.13701 ,51654232,
1.13801 ,51751390,
1.13901 ,51848548,
1.14001 ,51945706,
1.14101 ,52042864,
1.14201 ,52140022,
1.14301 ,52237180,
1.14401 ,52334338,
1.14501 ,52431496,
1.14601 ,52528654,
1.14701 ,52625812,
1.14801 ,52722970,
1.14901 ,52820128,
1.15001 ,52918536,
1.15101 ,53016944,
1.15201 ,53115352,
1.15301 ,53213760,
1.15401 ,53312168,
1.15501 ,53410576,
1.15601 ,53508984,
1.15701 ,53607392,
1.15801 ,53705800,
1.15901 ,53804208,
1.16001 ,53903866,
1.16101 ,54003524,
1.16201 ,54103182,
1.16301 ,54202840,
1.16401 ,54302498,
1.16501 ,54402156,
1.16601 ,54501814,
1.16701 ,54601472,
1.16801 ,54701130,
1.16901 ,54800788,
1.17001 ,54901696,
1.17101 ,55002604,
1.17201 ,55103512,
1.17301 ,55204420,
1.17401 ,55305328,
1.17501 ,55406236,
1.17601 ,55507144,
1.17701 ,55608052,
1.17801 ,55708960,
1.17901 ,55809868,
1.18001 ,55912026,
1.18101 ,56014184,
1.18201 ,56116342,
1.18301 ,56218500,
1.18401 ,56320658,
1.18501 ,56422816,
1.18601 ,56524974,
1.18701 ,56627132,
1.18801 ,56729290,
1.18901 ,56831448,
1.19001 ,56933606,
1.19101 ,57035764,
1.19201 ,57137922,
1.19301 ,57240080,
1.19401 ,57342238,
1.19501 ,57445646,
1.19601 ,57549054,
1.19701 ,57652462,
1.19801 ,57755870,
1.19901 ,57859278,
1.20001 ,57962686,
1.20101 ,58066094,
1.20201 ,58169502,
1.20301 ,58272910,
1.20401 ,58376318,
1.20501 ,58479726,
1.20601 ,58584384,
1.20701 ,58689042,
1.20801 ,58793700,
1.20901 ,58898358,
1.21001 ,59003016,
1.21101 ,59107674,
1.21201 ,59212332,
1.21301 ,59316990,
1.21401 ,59421648,
1.21501 ,59526306,
1.21601 ,59632214,
1.21701 ,59738122,
1.21801 ,59844030,
1.21901 ,59949938,
1.22001 ,60055846,
1.22101 ,60161754,
1.22201 ,60267662,
1.22301 ,60373570,
1.22401 ,60479478,
1.22501 ,60585386,
1.22601 ,60692544,
1.22701 ,60799702,
1.22801 ,60906860,
1.22901 ,61014018,
1.23001 ,61121176,
1.23101 ,61228334,
1.23201 ,61335492,
1.23301 ,61442650,
1.23401 ,61549808,
1.23501 ,61656966,
1.23601 ,61765374,
1.23701 ,61873782,
1.23801 ,61982190,
1.23901 ,62090598,
1.24001 ,62199006,
1.24101 ,62307414,
1.24201 ,62415822,
1.24301 ,62524230,
1.24401 ,62632638,
1.24501 ,62741046,
1.24601 ,62849454,
1.24701 ,62957862,
1.24801 ,63066270,
1.24901 ,63174678,
1.25001 ,63283086,
1.25101 ,63392744,
1.25201 ,63502402,
1.25301 ,63612060,
1.25401 ,63721718,
1.25501 ,63831376,
1.25601 ,63941034,
1.25701 ,64050692,
1.25801 ,64160350,
1.25901 ,64270008,
1.26001 ,64379666,
1.26101 ,64489324,
1.26201 ,64600232,
1.26301 ,64711140,
1.26401 ,64822048,
1.26501 ,64932956,
1.26601 ,65043864,
1.26701 ,65154772,
1.26801 ,65265680,
1.26901 ,65376588,
1.27001 ,65487496,
1.27101 ,65598404,
1.27201 ,65710562,
1.27301 ,65822720,
1.27401 ,65934878,
1.27501 ,66047036,
1.27601 ,66159194,
1.27701 ,66271352,
1.27801 ,66383510,
1.27901 ,66495668,
1.28001 ,66607826,
1.28101 ,66719984,
1.28201 ,66833392,
1.28301 ,66946800,
1.28401 ,67060208,
1.28501 ,67173616,
1.28601 ,67287024,
1.28701 ,67400432,
1.28801 ,67513840,
1.28901 ,67627248,
1.29001 ,67740656,
1.29101 ,67854064,
1.29201 ,67967472,
1.29301 ,68080880,
1.29401 ,68194288,
1.29501 ,68307696,
1.29601 ,68421104,
1.29701 ,68535762,
1.29801 ,68650420,
1.29901 ,68765078,
1.30001 ,68879736,
1.30101 ,68994394,
1.30201 ,69109052,
1.30301 ,69223710,
1.30401 ,69338368,
1.30501 ,69453026,
1.30601 ,69567684,
1.30701 ,69683592,
1.30801 ,69799500,
1.30901 ,69915408,
1.31001 ,70031316,
1.31101 ,70147224,
1.31201 ,70263132,
1.31301 ,70379040,
1.31401 ,70494948,
1.31501 ,70610856,
1.31601 ,70726764,
1.31701 ,70843922,
1.31801 ,70961080,
1.31901 ,71078238,
1.32001 ,71195396,
1.32101 ,71312554,
1.32201 ,71429712,
1.32301 ,71546870,
1.32401 ,71664028,
1.32501 ,71781186,
1.32601 ,71898344,
1.32701 ,72015502,
1.32801 ,72133910,
1.32901 ,72252318,
1.33001 ,72370726,
1.33101 ,72489134,
1.33201 ,72607542,
1.33301 ,72725950,
1.33401 ,72844358,
1.33501 ,72962766,
1.33601 ,73081174,
1.33701 ,73199582,
1.33801 ,73317990,
1.33901 ,73436398,
1.34001 ,73554806,
1.34101 ,73673214,
1.34201 ,73791622,
1.34301 ,73911280,
1.34401 ,74030938,
1.34501 ,74150596,
1.34601 ,74270254,
1.34701 ,74389912,
1.34801 ,74509570,
1.34901 ,74629228,
1.35001 ,74748886,
1.35101 ,74868544,
1.35201 ,74988202,
1.35301 ,75109110,
1.35401 ,75230018,
1.35501 ,75350926,
1.35601 ,75471834,
1.35701 ,75592742,
1.35801 ,75713650,
1.35901 ,75834558,
1.36001 ,75955466,
1.36101 ,76076374,
1.36201 ,76197282,
1.36301 ,76319440,
1.36401 ,76441598,
1.36501 ,76563756,
1.36601 ,76685914,
1.36701 ,76808072,
1.36801 ,76930230,
1.36901 ,77052388,
1.37001 ,77174546,
1.37101 ,77296704,
1.37201 ,77418862,
1.37301 ,77542270,
1.37401 ,77665678,
1.37501 ,77789086,
1.37601 ,77912494,
1.37701 ,78035902,
1.37801 ,78159310,
1.37901 ,78282718,
1.38001 ,78406126,
1.38101 ,78529534,
1.38201 ,78652942,
1.38301 ,78776350,
1.38401 ,78899758,
1.38501 ,79023166,
1.38601 ,79146574,
1.38701 ,79269982,
1.38801 ,79394640,
1.38901 ,79519298,
1.39001 ,79643956,
1.39101 ,79768614,
1.39201 ,79893272,
1.39301 ,80017930,
1.39401 ,80142588,
1.39501 ,80267246,
1.39601 ,80391904,
1.39701 ,80516562,
1.39801 ,80641220,
1.39901 ,80767128,
1.40001 ,80893036,
1.40101 ,81018944,
1.40201 ,81144852,
1.40301 ,81270760,
1.40401 ,81396668,
1.40501 ,81522576,
1.40601 ,81648484,
1.40701 ,81774392,
1.40801 ,81900300,
1.40901 ,82027458,
1.41001 ,82154616,
1.41101 ,82281774,
1.41201 ,82408932,
1.41301 ,82536090,
1.41401 ,82663248,
1.41501 ,82790406,
1.41601 ,82917564,
1.41701 ,83044722,
1.41801 ,83171880,
1.41901 ,83300288,
1.42001 ,83428696,
1.42101 ,83557104,
1.42201 ,83685512,
1.42301 ,83813920,
1.42401 ,83942328,
1.42501 ,84070736,
1.42601 ,84199144,
1.42701 ,84327552,
1.42801 ,84455960,
1.42901 ,84585618,
1.43001 ,84715276,
1.43101 ,84844934,
1.43201 ,84974592,
1.43301 ,85104250,
1.43401 ,85233908,
1.43501 ,85363566,
1.43601 ,85493224,
1.43701 ,85622882,
1.43801 ,85752540,
1.43901 ,85882198,
1.44001 ,86013106,
1.44101 ,86144014,
1.44201 ,86274922,
1.44301 ,86405830,
1.44401 ,86542098,
1.44501 ,86678366,
1.44601 ,86814634,
1.44701 ,86950902,
1.44801 ,87087170,
1.44901 ,87223438,
1.45001 ,87359706,
1.45101 ,87495974,
1.45201 ,87632242,
1.45301 ,87768510,
1.45401 ,87906028,
1.45501 ,88043546,
1.45601 ,88181064,
1.45701 ,88318582,
1.45801 ,88456100,
1.45901 ,88593618,
1.46001 ,88731136,
1.46101 ,88868654,
1.46201 ,89006172,
1.46301 ,89143690,
1.46401 ,89281208,
1.46501 ,89419976,
1.46601 ,89558744,
1.46701 ,89697512,
1.46801 ,89836280,
1.46901 ,89975048,
1.47001 ,90113816,
1.47101 ,90252584,
1.47201 ,90391352,
1.47301 ,90530120,
1.47401 ,90668888,
1.47501 ,90808906,
1.47601 ,90948924,
1.47701 ,91088942,
1.47801 ,91228960,
1.47901 ,91368978,
1.48001 ,91508996,
1.48101 ,91649014,
1.48201 ,91789032,
1.48301 ,91929050,
1.48401 ,92069068,
1.48501 ,92210336,
1.48601 ,92351604,
1.48701 ,92492872,
1.48801 ,92634140,
1.48901 ,92775408,
1.49001 ,92930076,
1.49101 ,93084744,
1.49201 ,93239412,
1.49301 ,93394080,
1.49401 ,93548748,
1.49501 ,93718424,
1.49601 ,93888100,
1.49701 ,94057776,
1.49801 ,94227452,
1.49901 ,94397128,
1.50001 ,94566804,
1.50101 ,94736480,
1.50201 ,94906156,
1.50301 ,95075832,
1.50401 ,95245508,
1.50501 ,95415184,
1.50601 ,95584860,
1.50701 ,95754536,
1.50801 ,95924212,
1.50901 ,96093888,
1.51001 ,96263564,
1.51101 ,96433240,
1.51201 ,96602916,
1.51301 ,96772592,
1.51401 ,96942268,
1.51501 ,97113194,
1.51601 ,97284120,
1.51701 ,97455046,
1.51801 ,97625972,
1.51901 ,97796898,
1.52001 ,97967824,
1.52101 ,98138750,
1.52201 ,98309676,
1.52301 ,98480602,
1.52401 ,98651528,
1.52501 ,98823704,
1.52601 ,98995880,
1.52701 ,99168056,
1.52801 ,99340232,
1.52901 ,99512408,
1.53001 ,99685120,
1.53101 ,99857832,
1.53201 ,100030544,
1.53301 ,100203256,
1.53401 ,100375968,
1.53501 ,100548680,
1.53601 ,100721392,
1.53701 ,100894104,
1.53801 ,101066816,
1.53901 ,101239528,
1.54001 ,101413490,
1.54101 ,101587452,
1.54201 ,101761414,
1.54301 ,101935376,
1.54401 ,102109338,
1.54501 ,102283300,
1.54601 ,102457262,
1.54701 ,102631224,
1.54801 ,102805186,
1.54901 ,102979148,
1.55001 ,103153110,
1.55101 ,103328322,
1.55201 ,103503534,
1.55301 ,103678746,
1.55401 ,103853958,
1.55501 ,104029170,
1.55601 ,104204382,
1.55701 ,104379594,
1.55801 ,104554806,
1.55901 ,104730018,
1.56001 ,104905230,
1.56101 ,105081692,
1.56201 ,105258154,
1.56301 ,105434616,
1.56401 ,105611078,
1.56501 ,105787540,
1.56601 ,105964538,
1.56701 ,106141536,
1.56801 ,106318534,
1.56901 ,106495532,
1.57001 ,106673066,
1.57101 ,106850600,
1.57201 ,107028134,
1.57301 ,107205668,
1.57401 ,107383202,
1.57501 ,107560736,
1.57601 ,107738270,
1.57701 ,107915804,
1.57801 ,108093338,
1.57901 ,108270872,
1.58001 ,108449656,
1.58101 ,108628440,
1.58201 ,108807224,
1.58301 ,108986008,
1.58401 ,109164792,
1.58501 ,109343576,
1.58601 ,109522360,
1.58701 ,109701144,
1.58801 ,109879928,
1.58901 ,110058712,
1.59001 ,110237496,
1.59101 ,110417530,
1.59201 ,110597564,
1.59301 ,110777598,
1.59401 ,110957632,
1.59501 ,111137666,
1.59601 ,111317700,
1.59701 ,111497734,
1.59801 ,111677768,
1.59901 ,111857802,
1.60001 ,112037836,
1.60101 ,112219120,
1.60201 ,112400404,
1.60301 ,112581688,
1.60401 ,112762972,
1.60501 ,112944256,
1.60601 ,113126076,
1.60701 ,113307896,
1.60801 ,113489716,
1.60901 ,113671536,
1.61001 ,113853892,
1.61101 ,114036248,
1.61201 ,114218604,
1.61301 ,114400960,
1.61401 ,114583316,
1.61501 ,114766208,
1.61601 ,114949100,
1.61701 ,115131992,
1.61801 ,115314884,
1.61901 ,115497776,
1.62001 ,115680668,
1.62101 ,115863560,
1.62201 ,116046452,
1.62301 ,116229344,
1.62401 ,116412236,
1.62501 ,116596378,
1.62601 ,116780520,
1.62701 ,116964662,
1.62801 ,117148804,
1.62901 ,117332946,
1.63001 ,117517088,
1.63101 ,117701230,
1.63201 ,117885372,
1.63301 ,118069514,
1.63401 ,118253656,
1.63501 ,118437798,
1.63601 ,118623190,
1.63701 ,118808582,
1.63801 ,118993974,
1.63901 ,119179366,
1.64001 ,119364758,
1.64101 ,119550150,
1.64201 ,119735542,
1.64301 ,119920934,
1.64401 ,120106326,
1.64501 ,120291718,
1.64601 ,120478360,
1.64701 ,120665002,
1.64801 ,120851644,
1.64901 ,121038286,
1.65001 ,121224928,
1.65101 ,121412106,
1.65201 ,121599284,
1.65301 ,121786462,
1.65401 ,121973640,
1.65501 ,122161354,
1.65601 ,122349068,
1.65701 ,122536782,
1.65801 ,122724496,
1.65901 ,122912210,
1.66001 ,123100460,
1.66101 ,123288710,
1.66201 ,123476960,
1.66301 ,123665210,
1.66401 ,123853460,
1.66501 ,124041710,
1.66601 ,124229960,
1.66701 ,124418210,
1.66801 ,124606460,
1.66901 ,124794710,
1.67001 ,124984210,
1.67101 ,125173710,
1.67201 ,125363210,
1.67301 ,125552710,
1.67401 ,125742210,
1.67501 ,125931710,
1.67601 ,126121210,
1.67701 ,126310710,
1.67801 ,126500210,
1.67901 ,126689710,
1.68001 ,126880460,
1.68101 ,127071210,
1.68201 ,127261960,
1.68301 ,127452710,
1.68401 ,127643460,
1.68501 ,127834210,
1.68601 ,128024960,
1.68701 ,128215710,
1.68801 ,128406460,
1.68901 ,128597210,
1.69001 ,128787960,
1.69101 ,128979960,
1.69201 ,129171960,
1.69301 ,129363960,
1.69401 ,129555960,
1.69501 ,129748496,
1.69601 ,129941032,
1.69701 ,130133568,
1.69801 ,130326104,
1.69901 ,130518640,
1.70001 ,130711712,
1.70101 ,130904784,
1.70201 ,131097856,
1.70301 ,131290928,
1.70401 ,131484000,
1.70501 ,131677608,
1.70601 ,131871216,
1.70701 ,132064824,
1.70801 ,132258432,
1.70901 ,132452040,
1.71001 ,132645648,
1.71101 ,132839256,
1.71201 ,133032864,
1.71301 ,133226472,
1.71401 ,133420080,
1.71501 ,133614938,
1.71601 ,133809796,
1.71701 ,134004654,
1.71801 ,134199512,
1.71901 ,134394370,
1.72001 ,134589228,
1.72101 ,134784086,
1.72201 ,134978944,
1.72301 ,135173802,
1.72401 ,135368660,
1.72501 ,135564768,
1.72601 ,135760876,
1.72701 ,135956984,
1.72801 ,136153092,
1.72901 ,136349200,
1.73001 ,136545308,
1.73101 ,136741416,
1.73201 ,136937524,
1.73301 ,137133632,
1.73401 ,137329740,
1.73501 ,137525848,
1.73601 ,137723206,
1.73701 ,137920564,
1.73801 ,138117922,
1.73901 ,138315280,
1.74001 ,138512638,
1.74101 ,138709996,
1.74201 ,138907354,
1.74301 ,139104712,
1.74401 ,139302070,
1.74501 ,139499428,
1.74601 ,139698036,
1.74701 ,139896644,
1.74801 ,140095252,
1.74901 ,140293860,
1.75001 ,140492468,
1.75101 ,140691612,
1.75201 ,140890756,
1.75301 ,141089900,
1.75401 ,141289044,
1.75501 ,141488188,
1.75601 ,141687332,
1.75701 ,141886476,
1.75801 ,142085620,
1.75901 ,142284764,
1.76001 ,142483908,
1.76101 ,142683052,
1.76201 ,142882196,
1.76301 ,143081340,
1.76401 ,143280484,
1.76501 ,143479628,
1.76601 ,143680022,
1.76701 ,143880416,
1.76801 ,144080810,
1.76901 ,144281204,
1.77001 ,144481598,
1.77101 ,144681992,
1.77201 ,144882386,
1.77301 ,145082780,
1.77401 ,145283174,
1.77501 ,145483568,
1.77601 ,145685212,
1.77701 ,145886856,
1.77801 ,146088500,
1.77901 ,146290144,
1.78001 ,146491788,
1.78101 ,146693432,
1.78201 ,146895076,
1.78301 ,147096720,
1.78401 ,147298364,
1.78501 ,147500008,
1.78601 ,147701652,
1.78701 ,147903296,
1.78801 ,148104940,
1.78901 ,148306584,
1.79001 ,148508228,
1.79101 ,148709872,
1.79201 ,148911516,
1.79301 ,149113160,
1.79401 ,149314804,
1.79501 ,149516448,
1.79601 ,149718092,
1.79701 ,149919736,
1.79801 ,150121380,
1.79901 ,150323024,
