0.00101 ,0,
0.00201 ,0,
0.00301 ,0,
0.00401 ,0,
0.00501 ,0,
0.00601 ,0,
0.00701 ,0,
0.00801 ,0,
0.00901 ,0,
0.01001 ,0,
0.01101 ,0,
0.01201 ,0,
0.01301 ,0,
0.01401 ,0,
0.01501 ,0,
0.01601 ,0,
0.01701 ,0,
0.01801 ,0,
0.01901 ,0,
0.02001 ,0,
0.02101 ,0,
0.02201 ,0,
0.02301 ,0,
0.02401 ,0,
0.02501 ,0,
0.02601 ,0,
0.02701 ,0,
0.02801 ,0,
0.02901 ,0,
0.03001 ,0,
0.03101 ,0,
0.03201 ,0,
0.03301 ,0,
0.03401 ,0,
0.03501 ,0,
0.03601 ,0,
0.03701 ,536,
0.03801 ,1072,
0.03901 ,1608,
0.04001 ,2144,
0.04101 ,3216,
0.04201 ,4288,
0.04301 ,5360,
0.04401 ,6432,
0.04501 ,7504,
0.04601 ,9112,
0.04701 ,10720,
0.04801 ,12328,
0.04901 ,13936,
0.05001 ,15544,
0.05101 ,17688,
0.05201 ,19832,
0.05301 ,21976,
0.05401 ,24120,
0.05501 ,26800,
0.05601 ,29480,
0.05701 ,32160,
0.05801 ,34840,
0.05901 ,37520,
0.06001 ,40736,
0.06101 ,43952,
0.06201 ,47168,
0.06301 ,50384,
0.06401 ,53600,
0.06501 ,57352,
0.06601 ,61104,
0.06701 ,64856,
0.06801 ,68608,
0.06901 ,72360,
0.07001 ,76648,
0.07101 ,80936,
0.07201 ,85224,
0.07301 ,89512,
0.07401 ,94336,
0.07501 ,99160,
0.07601 ,103984,
0.07701 ,108808,
0.07801 ,113632,
0.07901 ,118992,
0.08001 ,124352,
0.08101 ,129712,
0.08201 ,135072,
0.08301 ,140432,
0.08401 ,146328,
0.08501 ,152224,
0.08601 ,158120,
0.08701 ,164016,
0.08801 ,170448,
0.08901 ,176880,
0.09001 ,183312,
0.09101 ,189744,
0.09201 ,196176,
0.09301 ,203144,
0.09401 ,210112,
0.09501 ,217080,
0.09601 ,224048,
0.09701 ,231016,
0.09801 ,238520,
0.09901 ,246024,
0.10001 ,253528,
0.10101 ,261032,
0.10201 ,268536,
0.10301 ,276576,
0.10401 ,284616,
0.10501 ,292656,
0.10601 ,300696,
0.10701 ,309272,
0.10801 ,317848,
0.10901 ,326424,
0.11001 ,335000,
0.11101 ,343576,
0.11201 ,352688,
0.11301 ,361800,
0.11401 ,370912,
0.11501 ,380024,
0.11601 ,389136,
0.11701 ,398784,
0.11801 ,408432,
0.11901 ,418080,
0.12001 ,427728,
0.12101 ,437376,
0.12201 ,447560,
0.12301 ,457744,
0.12401 ,467928,
0.12501 ,478112,
0.12601 ,488832,
0.12701 ,499552,
0.12801 ,510272,
0.12901 ,520992,
0.13001 ,531712,
0.13101 ,542968,
0.13201 ,554224,
0.13301 ,565480,
0.13401 ,576736,
0.13501 ,587992,
0.13601 ,599784,
0.13701 ,611576,
0.13801 ,623368,
0.13901 ,635160,
0.14001 ,647488,
0.14101 ,659816,
0.14201 ,672144,
0.14301 ,684472,
0.14401 ,696800,
0.14501 ,709664,
0.14601 ,722528,
0.14701 ,735392,
0.14801 ,748256,
0.14901 ,761120,
0.15001 ,773984,
0.15101 ,786848,
0.15201 ,799712,
0.15301 ,812576,
0.15401 ,825440,
0.15501 ,838304,
0.15601 ,851168,
0.15701 ,864032,
0.15801 ,876896,
0.15901 ,889760,
0.16001 ,902624,
0.16101 ,915488,
0.16201 ,928352,
0.16301 ,941216,
0.16401 ,954080,
0.16501 ,966944,
0.16601 ,979808,
0.16701 ,992672,
0.16801 ,1005536,
0.16901 ,1018400,
0.17001 ,1031264,
0.17101 ,1044128,
0.17201 ,1056992,
0.17301 ,1069856,
0.17401 ,1082720,
0.17501 ,1095584,
0.17601 ,1108448,
0.17701 ,1121312,
0.17801 ,1134176,
0.17901 ,1147040,
0.18001 ,1159904,
0.18101 ,1172768,
0.18201 ,1185632,
0.18301 ,1198496,
0.18401 ,1211360,
0.18501 ,1224224,
0.18601 ,1237088,
0.18701 ,1249952,
0.18801 ,1262816,
0.18901 ,1275680,
0.19001 ,1288544,
0.19101 ,1301408,
0.19201 ,1314272,
0.19301 ,1327136,
0.19401 ,1340000,
0.19501 ,1352864,
0.19601 ,1365728,
0.19701 ,1378592,
0.19801 ,1391456,
0.19901 ,1404320,
0.20001 ,1417184,
0.20101 ,1430048,
0.20201 ,1442912,
0.20301 ,1455776,
0.20401 ,1468640,
0.20501 ,1481504,
0.20601 ,1494368,
0.20701 ,1507232,
0.20801 ,1520096,
0.20901 ,1532960,
0.21001 ,1545824,
0.21101 ,1558688,
0.21201 ,1571552,
0.21301 ,1584416,
0.21401 ,1597280,
0.21501 ,1610144,
0.21601 ,1623008,
0.21701 ,1635872,
0.21801 ,1648736,
0.21901 ,1661600,
0.22001 ,1674464,
0.22101 ,1687328,
0.22201 ,1700192,
0.22301 ,1713056,
0.22401 ,1725920,
0.22501 ,1738784,
0.22601 ,1751648,
0.22701 ,1764512,
0.22801 ,1777376,
0.22901 ,1790240,
0.23001 ,1803104,
0.23101 ,1815968,
0.23201 ,1828832,
0.23301 ,1841696,
0.23401 ,1854560,
0.23501 ,1867424,
0.23601 ,1880288,
0.23701 ,1893152,
0.23801 ,1906016,
0.23901 ,1918880,
0.24001 ,1931744,
0.24101 ,1944608,
0.24201 ,1957472,
0.24301 ,1970336,
0.24401 ,1983200,
0.24501 ,1996064,
0.24601 ,2008928,
0.24701 ,2021792,
0.24801 ,2034656,
0.24901 ,2047520,
0.25001 ,2060384,
0.25101 ,2073248,
0.25201 ,2086112,
0.25301 ,2098976,
0.25401 ,2111840,
0.25501 ,2124704,
0.25601 ,2137568,
0.25701 ,2150432,
0.25801 ,2163296,
0.25901 ,2177410,
0.26001 ,2191524,
0.26101 ,2205638,
0.26201 ,2219752,
0.26301 ,2233866,
0.26401 ,2247980,
0.26501 ,2262094,
0.26601 ,2276208,
0.26701 ,2290322,
0.26801 ,2304436,
0.26901 ,2331414,
0.27001 ,2358392,
0.27101 ,2385370,
0.27201 ,2412348,
0.27301 ,2439862,
0.27401 ,2467376,
0.27501 ,2494890,
0.27601 ,2522404,
0.27701 ,2549918,
0.27801 ,2577432,
0.27901 ,2604946,
0.28001 ,2632460,
0.28101 ,2659974,
0.28201 ,2687488,
0.28301 ,2715002,
0.28401 ,2742516,
0.28501 ,2770030,
0.28601 ,2797544,
0.28701 ,2826308,
0.28801 ,2855072,
0.28901 ,2883836,
0.29001 ,2912600,
0.29101 ,2941364,
0.29201 ,2970128,
0.29301 ,2998892,
0.29401 ,3028192,
0.29501 ,3057492,
0.29601 ,3086792,
0.29701 ,3116092,
0.29801 ,3145392,
0.29901 ,3175228,
0.30001 ,3205064,
0.30101 ,3234900,
0.30201 ,3264736,
0.30301 ,3294572,
0.30401 ,3324408,
0.30501 ,3354244,
0.30601 ,3384080,
0.30701 ,3413916,
0.30801 ,3443752,
0.30901 ,3473588,
0.31001 ,3503424,
0.31101 ,3533260,
0.31201 ,3563096,
0.31301 ,3592932,
0.31401 ,3622768,
0.31501 ,3652604,
0.31601 ,3682440,
0.31701 ,3712276,
0.31801 ,3742112,
0.31901 ,3771948,
0.32001 ,3801784,
0.32101 ,3832870,
0.32201 ,3863956,
0.32301 ,3895042,
0.32401 ,3926128,
0.32501 ,3957750,
0.32601 ,3989372,
0.32701 ,4020994,
0.32801 ,4052616,
0.32901 ,4084238,
0.33001 ,4116396,
0.33101 ,4148554,
0.33201 ,4180712,
0.33301 ,4212870,
0.33401 ,4245028,
0.33501 ,4277186,
0.33601 ,4309344,
0.33701 ,4341502,
0.33801 ,4373660,
0.33901 ,4405818,
0.34001 ,4437976,
0.34101 ,4470134,
0.34201 ,4502292,
0.34301 ,4534450,
0.34401 ,4566608,
0.34501 ,4598766,
0.34601 ,4630924,
0.34701 ,4663082,
0.34801 ,4695240,
0.34901 ,4727398,
0.35001 ,4759556,
0.35101 ,4791714,
0.35201 ,4823872,
0.35301 ,4856030,
0.35401 ,4889438,
0.35501 ,4922846,
0.35601 ,4956254,
0.35701 ,4989662,
0.35801 ,5023070,
0.35901 ,5057014,
0.36001 ,5090958,
0.36101 ,5124902,
0.36201 ,5158846,
0.36301 ,5192790,
0.36401 ,5226734,
0.36501 ,5260678,
0.36601 ,5294622,
0.36701 ,5328566,
0.36801 ,5362510,
0.36901 ,5396454,
0.37001 ,5430398,
0.37101 ,5464342,
0.37201 ,5498286,
0.37301 ,5532230,
0.37401 ,5566174,
0.37501 ,5600118,
0.37601 ,5634062,
0.37701 ,5668006,
0.37801 ,5701950,
0.37901 ,5735894,
0.38001 ,5769838,
0.38101 ,5803782,
0.38201 ,5837726,
0.38301 ,5871670,
0.38401 ,5905614,
0.38501 ,5939558,
0.38601 ,5973502,
0.38701 ,6008696,
0.38801 ,6043890,
0.38901 ,6079084,
0.39001 ,6114278,
0.39101 ,6149472,
0.39201 ,6184666,
0.39301 ,6219860,
0.39401 ,6255054,
0.39501 ,6290248,
0.39601 ,6325442,
0.39701 ,6360636,
0.39801 ,6395830,
0.39901 ,6431024,
0.40001 ,6466218,
0.40101 ,6501412,
0.40201 ,6536606,
0.40301 ,6571800,
0.40401 ,6606994,
0.40501 ,6642188,
0.40601 ,6677382,
0.40701 ,6712576,
0.40801 ,6747770,
0.40901 ,6782964,
0.41001 ,6818158,
0.41101 ,6853352,
0.41201 ,6888546,
0.41301 ,6923740,
0.41401 ,6958934,
0.41501 ,6994128,
0.41601 ,7029322,
0.41701 ,7064516,
0.41801 ,7099710,
0.41901 ,7134904,
0.42001 ,7170098,
0.42101 ,7206542,
0.42201 ,7242986,
0.42301 ,7279430,
0.42401 ,7315874,
0.42501 ,7352318,
0.42601 ,7388762,
0.42701 ,7425206,
0.42801 ,7461650,
0.42901 ,7498094,
0.43001 ,7534538,
0.43101 ,7570982,
0.43201 ,7607426,
0.43301 ,7643870,
0.43401 ,7680314,
0.43501 ,7719974,
0.43601 ,7759634,
0.43701 ,7799294,
0.43801 ,7838954,
0.43901 ,7878614,
0.44001 ,7918274,
0.44101 ,7957934,
0.44201 ,7997594,
0.44301 ,8037254,
0.44401 ,8076914,
0.44501 ,8116574,
0.44601 ,8156234,
0.44701 ,8195894,
0.44801 ,8235554,
0.44901 ,8275214,
0.45001 ,8314874,
0.45101 ,8354534,
0.45201 ,8394194,
0.45301 ,8433854,
0.45401 ,8474764,
0.45501 ,8515674,
0.45601 ,8556584,
0.45701 ,8597494,
0.45801 ,8638404,
0.45901 ,8679314,
0.46001 ,8720224,
0.46101 ,8761134,
0.46201 ,8802044,
0.46301 ,8842954,
0.46401 ,8885114,
0.46501 ,8927274,
0.46601 ,8969434,
0.46701 ,9011594,
0.46801 ,9053754,
0.46901 ,9096450,
0.47001 ,9139146,
0.47101 ,9181842,
0.47201 ,9224538,
0.47301 ,9267234,
0.47401 ,9310466,
0.47501 ,9353698,
0.47601 ,9396930,
0.47701 ,9440162,
0.47801 ,9483930,
0.47901 ,9527698,
0.48001 ,9571466,
0.48101 ,9615234,
0.48201 ,9659002,
0.48301 ,9703306,
0.48401 ,9747610,
0.48501 ,9791914,
0.48601 ,9836218,
0.48701 ,9880522,
0.48801 ,9924826,
0.48901 ,9969130,
0.49001 ,10013434,
0.49101 ,10057738,
0.49201 ,10102042,
0.49301 ,10147596,
0.49401 ,10193150,
0.49501 ,10238704,
0.49601 ,10284258,
0.49701 ,10329812,
0.49801 ,10375366,
0.49901 ,10420920,
0.50001 ,10466474,
0.50101 ,10512028,
0.50201 ,10557582,
0.50301 ,10603136,
0.50401 ,10649940,
0.50501 ,10696744,
0.50601 ,10743548,
0.50701 ,10790352,
0.50801 ,10837692,
0.50901 ,10885032,
0.51001 ,10932372,
0.51101 ,10979712,
0.51201 ,11027052,
0.51301 ,11074928,
0.51401 ,11122804,
0.51501 ,11170680,
0.51601 ,11218556,
0.51701 ,11266432,
0.51801 ,11314844,
0.51901 ,11363256,
0.52001 ,11411668,
0.52101 ,11460080,
0.52201 ,11508492,
0.52301 ,11556904,
0.52401 ,11605316,
0.52501 ,11653728,
0.52601 ,11702140,
0.52701 ,11750552,
0.52801 ,11800214,
0.52901 ,11849876,
0.53001 ,11899538,
0.53101 ,11949200,
0.53201 ,11998862,
0.53301 ,12048524,
0.53401 ,12098186,
0.53501 ,12147848,
0.53601 ,12197510,
0.53701 ,12247172,
0.53801 ,12298084,
0.53901 ,12348996,
0.54001 ,12399908,
0.54101 ,12450820,
0.54201 ,12501732,
0.54301 ,12553180,
0.54401 ,12604628,
0.54501 ,12656076,
0.54601 ,12707524,
0.54701 ,12758972,
0.54801 ,12810956,
0.54901 ,12862940,
0.55001 ,12914924,
0.55101 ,12966908,
0.55201 ,13019428,
0.55301 ,13071948,
0.55401 ,13124468,
0.55501 ,13176988,
0.55601 ,13229508,
0.55701 ,13282028,
0.55801 ,13334548,
0.55901 ,13387068,
0.56001 ,13439588,
0.56101 ,13492108,
0.56201 ,13544628,
0.56301 ,13598398,
0.56401 ,13652168,
0.56501 ,13705938,
0.56601 ,13759708,
0.56701 ,13813478,
0.56801 ,13867248,
0.56901 ,13921018,
0.57001 ,13974788,
0.57101 ,14028558,
0.57201 ,14082328,
0.57301 ,14137348,
0.57401 ,14192368,
0.57501 ,14247388,
0.57601 ,14302408,
0.57701 ,14357428,
0.57801 ,14412984,
0.57901 ,14468540,
0.58001 ,14524096,
0.58101 ,14579652,
0.58201 ,14635208,
0.58301 ,14690764,
0.58401 ,14746320,
0.58501 ,14801876,
0.58601 ,14857432,
0.58701 ,14912988,
0.58801 ,14968544,
0.58901 ,15024100,
0.59001 ,15079656,
0.59101 ,15135212,
0.59201 ,15190768,
0.59301 ,15247574,
0.59401 ,15304380,
0.59501 ,15361186,
0.59601 ,15417992,
0.59701 ,15474798,
0.59801 ,15531604,
0.59901 ,15588410,
0.60001 ,15645216,
0.60101 ,15702022,
0.60201 ,15758828,
0.60301 ,15816884,
0.60401 ,15874940,
0.60501 ,15932996,
0.60601 ,15991052,
0.60701 ,16049108,
0.60801 ,16107164,
0.60901 ,16165220,
0.61001 ,16223276,
0.61101 ,16281332,
0.61201 ,16339388,
0.61301 ,16397444,
0.61401 ,16455500,
0.61501 ,16513556,
0.61601 ,16571612,
0.61701 ,16629668,
0.61801 ,16687724,
0.61901 ,16745780,
0.62001 ,16803836,
0.62101 ,16861892,
0.62201 ,16919948,
0.62301 ,16978004,
0.62401 ,17036060,
0.62501 ,17094116,
0.62601 ,17152172,
0.62701 ,17211478,
0.62801 ,17270784,
0.62901 ,17330090,
0.63001 ,17389396,
0.63101 ,17448702,
0.63201 ,17508008,
0.63301 ,17567314,
0.63401 ,17626620,
0.63501 ,17685926,
0.63601 ,17745232,
0.63701 ,17804538,
0.63801 ,17865094,
0.63901 ,17925650,
0.64001 ,17986206,
0.64101 ,18046762,
0.64201 ,18107318,
0.64301 ,18167874,
0.64401 ,18228430,
0.64501 ,18288986,
0.64601 ,18349542,
0.64701 ,18410098,
0.64801 ,18470654,
0.64901 ,18531210,
0.65001 ,18591766,
0.65101 ,18652322,
0.65201 ,18712878,
0.65301 ,18773434,
0.65401 ,18833990,
0.65501 ,18894546,
0.65601 ,18955102,
0.65701 ,19015658,
0.65801 ,19076214,
0.65901 ,19136770,
0.66001 ,19197326,
0.66101 ,19257882,
0.66201 ,19319688,
0.66301 ,19381494,
0.66401 ,19443300,
0.66501 ,19505106,
0.66601 ,19566912,
0.66701 ,19628718,
0.66801 ,19690524,
0.66901 ,19752330,
0.67001 ,19814136,
0.67101 ,19875942,
0.67201 ,19938998,
0.67301 ,20002054,
0.67401 ,20065110,
0.67501 ,20128166,
0.67601 ,20191222,
0.67701 ,20254278,
0.67801 ,20317334,
0.67901 ,20380390,
0.68001 ,20443446,
0.68101 ,20506502,
0.68201 ,20570808,
0.68301 ,20635114,
0.68401 ,20699420,
0.68501 ,20763726,
0.68601 ,20828032,
0.68701 ,20892338,
0.68801 ,20956644,
0.68901 ,21020950,
0.69001 ,21085256,
0.69101 ,21149562,
0.69201 ,21213868,
0.69301 ,21278174,
0.69401 ,21342480,
0.69501 ,21406786,
0.69601 ,21471092,
0.69701 ,21536648,
0.69801 ,21602204,
0.69901 ,21667760,
0.70001 ,21733316,
0.70101 ,21798872,
0.70201 ,21864428,
0.70301 ,21929984,
0.70401 ,21995540,
0.70501 ,22061096,
0.70601 ,22126652,
0.70701 ,22192208,
0.70801 ,22259014,
0.70901 ,22325820,
0.71001 ,22392626,
0.71101 ,22459432,
0.71201 ,22526238,
0.71301 ,22593044,
0.71401 ,22659850,
0.71501 ,22726656,
0.71601 ,22793462,
0.71701 ,22860268,
0.71801 ,22928324,
0.71901 ,22996380,
0.72001 ,23064436,
0.72101 ,23132492,
0.72201 ,23200548,
0.72301 ,23268604,
0.72401 ,23336660,
0.72501 ,23404716,
0.72601 ,23472772,
0.72701 ,23545652,
0.72801 ,23618532,
0.72901 ,23691412,
0.73001 ,23764292,
0.73101 ,23837172,
0.73201 ,23910052,
0.73301 ,23982932,
0.73401 ,24055812,
0.73501 ,24128692,
0.73601 ,24201572,
0.73701 ,24274452,
0.73801 ,24348582,
0.73901 ,24422712,
0.74001 ,24496842,
0.74101 ,24570972,
0.74201 ,24645102,
0.74301 ,24719232,
0.74401 ,24793362,
0.74501 ,24867492,
0.74601 ,24941622,
0.74701 ,25015752,
0.74801 ,25091132,
0.74901 ,25166512,
0.75001 ,25241892,
0.75101 ,25317272,
0.75201 ,25392652,
0.75301 ,25468032,
0.75401 ,25543412,
0.75501 ,25618792,
0.75601 ,25694172,
0.75701 ,25769552,
0.75801 ,25846182,
0.75901 ,25922812,
0.76001 ,25999442,
0.76101 ,26076072,
0.76201 ,26152702,
0.76301 ,26229332,
0.76401 ,26305962,
0.76501 ,26382592,
0.76601 ,26459222,
0.76701 ,26535852,
0.76801 ,26612482,
0.76901 ,26689112,
0.77001 ,26765742,
0.77101 ,26842372,
0.77201 ,26919002,
0.77301 ,26995632,
0.77401 ,27072262,
0.77501 ,27148892,
0.77601 ,27225522,
0.77701 ,27302152,
0.77801 ,27380032,
0.77901 ,27457912,
0.78001 ,27535792,
0.78101 ,27613672,
0.78201 ,27691552,
0.78301 ,27769432,
0.78401 ,27847312,
0.78501 ,27925192,
0.78601 ,28003072,
0.78701 ,28080952,
0.78801 ,28160082,
0.78901 ,28239212,
0.79001 ,28318342,
0.79101 ,28397472,
0.79201 ,28476602,
0.79301 ,28555732,
0.79401 ,28634862,
0.79501 ,28713992,
0.79601 ,28793122,
0.79701 ,28872252,
0.79801 ,28952632,
0.79901 ,29033012,
0.80001 ,29113392,
0.80101 ,29193772,
0.80201 ,29274152,
0.80301 ,29354532,
0.80401 ,29434912,
0.80501 ,29515292,
0.80601 ,29595672,
0.80701 ,29676052,
0.80801 ,29756432,
0.80901 ,29836812,
0.81001 ,29917192,
0.81101 ,29997572,
0.81201 ,30077952,
0.81301 ,30158332,
0.81401 ,30238712,
0.81501 ,30319092,
0.81601 ,30399472,
0.81701 ,30479852,
0.81801 ,30560232,
0.81901 ,30640612,
0.82001 ,30720992,
0.82101 ,30801372,
0.82201 ,30881752,
0.82301 ,30963382,
0.82401 ,31045012,
0.82501 ,31126642,
0.82601 ,31208272,
0.82701 ,31289902,
0.82801 ,31371532,
0.82901 ,31453162,
0.83001 ,31534792,
0.83101 ,31616422,
0.83201 ,31698052,
0.83301 ,31780932,
0.83401 ,31863812,
0.83501 ,31946692,
0.83601 ,32029572,
0.83701 ,32112452,
0.83801 ,32195332,
0.83901 ,32278212,
0.84001 ,32361092,
0.84101 ,32443972,
0.84201 ,32526852,
0.84301 ,32610982,
0.84401 ,32695112,
0.84501 ,32779242,
0.84601 ,32863372,
0.84701 ,32947502,
0.84801 ,33035384,
0.84901 ,33123266,
0.85001 ,33211148,
0.85101 ,33299030,
0.85201 ,33387448,
0.85301 ,33475866,
0.85401 ,33564284,
0.85501 ,33652702,
0.85601 ,33741120,
0.85701 ,33829538,
0.85801 ,33917956,
0.85901 ,34006374,
0.86001 ,34094792,
0.86101 ,34183210,
0.86201 ,34271628,
0.86301 ,34360046,
0.86401 ,34448464,
0.86501 ,34536882,
0.86601 ,34625300,
0.86701 ,34714254,
0.86801 ,34803208,
0.86901 ,34892162,
0.87001 ,34981116,
0.87101 ,35070070,
0.87201 ,35159024,
0.87301 ,35247978,
0.87401 ,35336932,
0.87501 ,35425886,
0.87601 ,35514840,
0.87701 ,35603794,
0.87801 ,35693998,
0.87901 ,35784202,
0.88001 ,35874406,
0.88101 ,35964610,
0.88201 ,36054814,
0.88301 ,36145018,
0.88401 ,36235222,
0.88501 ,36325426,
0.88601 ,36415630,
0.88701 ,36505834,
0.88801 ,36597288,
0.88901 ,36688742,
0.89001 ,36780196,
0.89101 ,36871650,
0.89201 ,36963104,
0.89301 ,37054558,
0.89401 ,37146012,
0.89501 ,37237466,
0.89601 ,37328920,
0.89701 ,37420374,
0.89801 ,37513078,
0.89901 ,37605782,
0.90001 ,37698486,
0.90101 ,37791190,
0.90201 ,37883894,
0.90301 ,37976598,
0.90401 ,38069302,
0.90501 ,38162006,
0.90601 ,38254710,
0.90701 ,38347414,
0.90801 ,38441368,
0.90901 ,38535322,
0.91001 ,38629276,
0.91101 ,38723230,
0.91201 ,38817184,
0.91301 ,38911674,
0.91401 ,39006164,
0.91501 ,39100654,
0.91601 ,39195144,
0.91701 ,39289634,
0.91801 ,39384660,
0.91901 ,39479686,
0.92001 ,39574712,
0.92101 ,39669738,
0.92201 ,39764764,
0.92301 ,39859790,
0.92401 ,39954816,
0.92501 ,40049842,
0.92601 ,40144868,
0.92701 ,40239894,
0.92801 ,40336170,
0.92901 ,40432446,
0.93001 ,40528722,
0.93101 ,40624998,
0.93201 ,40721274,
0.93301 ,40817550,
0.93401 ,40913826,
0.93501 ,41010102,
0.93601 ,41106378,
0.93701 ,41202654,
0.93801 ,41300180,
0.93901 ,41397706,
0.94001 ,41495232,
0.94101 ,41592758,
0.94201 ,41690284,
0.94301 ,41787810,
0.94401 ,41885336,
0.94501 ,41982862,
0.94601 ,42080388,
0.94701 ,42177914,
0.94801 ,42275440,
0.94901 ,42374216,
0.95001 ,42472992,
0.95101 ,42571768,
0.95201 ,42670544,
0.95301 ,42769320,
0.95401 ,42868096,
0.95501 ,42966872,
0.95601 ,43065648,
0.95701 ,43164424,
0.95801 ,43263200,
0.95901 ,43363226,
0.96001 ,43463252,
0.96101 ,43563278,
0.96201 ,43663304,
0.96301 ,43763330,
0.96401 ,43863892,
0.96501 ,43964454,
0.96601 ,44065016,
0.96701 ,44165578,
0.96801 ,44266676,
0.96901 ,44367774,
0.97001 ,44468872,
0.97101 ,44569970,
0.97201 ,44671068,
0.97301 ,44772702,
0.97401 ,44874336,
0.97501 ,44975970,
0.97601 ,45077604,
0.97701 ,45179238,
0.97801 ,45280872,
0.97901 ,45382506,
0.98001 ,45484140,
0.98101 ,45585774,
0.98201 ,45687408,
0.98301 ,45790292,
0.98401 ,45893176,
0.98501 ,45996060,
0.98601 ,46098944,
0.98701 ,46201828,
0.98801 ,46304712,
0.98901 ,46407596,
0.99001 ,46510480,
0.99101 ,46613364,
0.99201 ,46716248,
0.99301 ,46820382,
0.99401 ,46924516,
0.99501 ,47028650,
0.99601 ,47132784,
0.99701 ,47236918,
0.99801 ,47341052,
0.99901 ,47445186,
1.00001 ,47549320,
1.00101 ,47653454,
1.00201 ,47757588,
1.00301 ,47861722,
1.00401 ,47967106,
1.00501 ,48072490,
1.00601 ,48177874,
1.00701 ,48283258,
1.00801 ,48388642,
1.00901 ,48494026,
1.01001 ,48599410,
1.01101 ,48704794,
1.01201 ,48810178,
1.01301 ,48915562,
1.01401 ,49022196,
1.01501 ,49128830,
1.01601 ,49235464,
1.01701 ,49342098,
1.01801 ,49448732,
1.01901 ,49555366,
1.02001 ,49662000,
1.02101 ,49768634,
1.02201 ,49875268,
1.02301 ,49981902,
1.02401 ,50089786,
1.02501 ,50197670,
1.02601 ,50305554,
1.02701 ,50413438,
1.02801 ,50521322,
1.02901 ,50629206,
1.03001 ,50737090,
1.03101 ,50844974,
1.03201 ,50952858,
1.03301 ,51060742,
1.03401 ,51169876,
1.03501 ,51279010,
1.03601 ,51388144,
1.03701 ,51497278,
1.03801 ,51606412,
1.03901 ,51715546,
1.04001 ,51824680,
1.04101 ,51933814,
1.04201 ,52042948,
1.04301 ,52152082,
1.04401 ,52261216,
1.04501 ,52371600,
1.04601 ,52481984,
1.04701 ,52592368,
1.04801 ,52702752,
1.04901 ,52813136,
1.05001 ,52923520,
1.05101 ,53033904,
1.05201 ,53144288,
1.05301 ,53254672,
1.05401 ,53365056,
1.05501 ,53475440,
1.05601 ,53585824,
1.05701 ,53696208,
1.05801 ,53806592,
1.05901 ,53916976,
1.06001 ,54028610,
1.06101 ,54140244,
1.06201 ,54251878,
1.06301 ,54363512,
1.06401 ,54475146,
1.06501 ,54586780,
1.06601 ,54698414,
1.06701 ,54810048,
1.06801 ,54921682,
1.06901 ,55033316,
1.07001 ,55144950,
1.07101 ,55256584,
1.07201 ,55368218,
1.07301 ,55479852,
1.07401 ,55591486,
1.07501 ,55704370,
1.07601 ,55817254,
1.07701 ,55930138,
1.07801 ,56043022,
1.07901 ,56155906,
1.08001 ,56268790,
1.08101 ,56381674,
1.08201 ,56494558,
1.08301 ,56607442,
1.08401 ,56720326,
1.08501 ,56833210,
1.08601 ,56946094,
1.08701 ,57058978,
1.08801 ,57171862,
1.08901 ,57284746,
1.09001 ,57397630,
1.09101 ,57510514,
1.09201 ,57623398,
1.09301 ,57736282,
1.09401 ,57849166,
1.09501 ,57962050,
1.09601 ,58074934,
1.09701 ,58187818,
1.09801 ,58300702,
1.09901 ,58413586,
1.10001 ,58526470,
1.10101 ,58639354,
1.10201 ,58752238,
1.10301 ,58865122,
1.10401 ,58978006,
1.10501 ,59090890,
1.10601 ,59203774,
1.10701 ,59316658,
1.10801 ,59429542,
1.10901 ,59542426,
1.11001 ,59655310,
1.11101 ,59768194,
1.11201 ,59881078,
1.11301 ,59993962,
1.11401 ,60106846,
1.11501 ,60219730,
1.11601 ,60333864,
1.11701 ,60447998,
1.11801 ,60562132,
1.11901 ,60676266,
1.12001 ,60790400,
1.12101 ,60904534,
1.12201 ,61018668,
1.12301 ,61132802,
1.12401 ,61246936,
1.12501 ,61361070,
1.12601 ,61475204,
1.12701 ,61589338,
1.12801 ,61703472,
1.12901 ,61817606,
1.13001 ,61931740,
1.13101 ,62045874,
1.13201 ,62160008,
1.13301 ,62274142,
1.13401 ,62388276,
1.13501 ,62502410,
1.13601 ,62616544,
1.13701 ,62730678,
1.13801 ,62844812,
1.13901 ,62958946,
1.14001 ,63074330,
1.14101 ,63189714,
1.14201 ,63305098,
1.14301 ,63420482,
1.14401 ,63535866,
1.14501 ,63651250,
1.14601 ,63766634,
1.14701 ,63882018,
1.14801 ,63997402,
1.14901 ,64112786,
1.15001 ,64229420,
1.15101 ,64346054,
1.15201 ,64462688,
1.15301 ,64579322,
1.15401 ,64695956,
1.15501 ,64812590,
1.15601 ,64929224,
1.15701 ,65045858,
1.15801 ,65162492,
1.15901 ,65279126,
1.16001 ,65397010,
1.16101 ,65514894,
1.16201 ,65632778,
1.16301 ,65750662,
1.16401 ,65868546,
1.16501 ,65986430,
1.16601 ,66104314,
1.16701 ,66222198,
1.16801 ,66340082,
1.16901 ,66457966,
1.17001 ,66575850,
1.17101 ,66694984,
1.17201 ,66814118,
1.17301 ,66933252,
1.17401 ,67052386,
1.17501 ,67171520,
1.17601 ,67290654,
1.17701 ,67409788,
1.17801 ,67528922,
1.17901 ,67648056,
1.18001 ,67767190,
1.18101 ,67887574,
1.18201 ,68007958,
1.18301 ,68128342,
1.18401 ,68248726,
1.18501 ,68369110,
1.18601 ,68489494,
1.18701 ,68609878,
1.18801 ,68730262,
1.18901 ,68850646,
1.19001 ,68971030,
1.19101 ,69091414,
1.19201 ,69211798,
1.19301 ,69332182,
1.19401 ,69452566,
1.19501 ,69572950,
1.19601 ,69693334,
1.19701 ,69813718,
1.19801 ,69934102,
1.19901 ,70054486,
1.20001 ,70174870,
1.20101 ,70296504,
1.20201 ,70418138,
1.20301 ,70539772,
1.20401 ,70661406,
1.20501 ,70783040,
1.20601 ,70904674,
1.20701 ,71026308,
1.20801 ,71147942,
1.20901 ,71269576,
1.21001 ,71391210,
1.21101 ,71514094,
1.21201 ,71636978,
1.21301 ,71759862,
1.21401 ,71882746,
1.21501 ,72005630,
1.21601 ,72128514,
1.21701 ,72251398,
1.21801 ,72374282,
1.21901 ,72497166,
1.22001 ,72620050,
1.22101 ,72744184,
1.22201 ,72868318,
1.22301 ,72992452,
1.22401 ,73116586,
1.22501 ,73240720,
1.22601 ,73364854,
1.22701 ,73488988,
1.22801 ,73613122,
1.22901 ,73737256,
1.23001 ,73861390,
1.23101 ,73986774,
1.23201 ,74112158,
1.23301 ,74237542,
1.23401 ,74362926,
1.23501 ,74488310,
1.23601 ,74613694,
1.23701 ,74739078,
1.23801 ,74864462,
1.23901 ,74989846,
1.24001 ,75115230,
1.24101 ,75240614,
1.24201 ,75367248,
1.24301 ,75493882,
1.24401 ,75620516,
1.24501 ,75747150,
1.24601 ,75873784,
1.24701 ,76000418,
1.24801 ,76127052,
1.24901 ,76253686,
1.25001 ,76380320,
1.25101 ,76506954,
1.25201 ,76634838,
1.25301 ,76762722,
1.25401 ,76890606,
1.25501 ,77018490,
1.25601 ,77150662,
1.25701 ,77282834,
1.25801 ,77415006,
1.25901 ,77547178,
1.26001 ,77679350,
1.26101 ,77812058,
1.26201 ,77944766,
1.26301 ,78077474,
1.26401 ,78210182,
1.26501 ,78342890,
1.26601 ,78475598,
1.26701 ,78608306,
1.26801 ,78741014,
1.26901 ,78873722,
1.27001 ,79006430,
1.27101 ,79140388,
1.27201 ,79274346,
1.27301 ,79408304,
1.27401 ,79542262,
1.27501 ,79676220,
1.27601 ,79810178,
1.27701 ,79944136,
1.27801 ,80078094,
1.27901 ,80212052,
1.28001 ,80346010,
1.28101 ,80479968,
1.28201 ,80615176,
1.28301 ,80750384,
1.28401 ,80885592,
1.28501 ,81020800,
1.28601 ,81156008,
1.28701 ,81291216,
1.28801 ,81426424,
1.28901 ,81561632,
1.29001 ,81696840,
1.29101 ,81832048,
1.29201 ,81968506,
1.29301 ,82104964,
1.29401 ,82241422,
1.29501 ,82377880,
1.29601 ,82514338,
1.29701 ,82651332,
1.29801 ,82788326,
1.29901 ,82925320,
1.30001 ,83062314,
1.30101 ,83199308,
1.30201 ,83336302,
1.30301 ,83473296,
1.30401 ,83610290,
1.30501 ,83747284,
1.30601 ,83884278,
1.30701 ,84022522,
1.30801 ,84160766,
1.30901 ,84299010,
1.31001 ,84437254,
1.31101 ,84575498,
1.31201 ,84713742,
1.31301 ,84851986,
1.31401 ,84990230,
1.31501 ,85128474,
1.31601 ,85266718,
1.31701 ,85406212,
1.31801 ,85545706,
1.31901 ,85685200,
1.32001 ,85824694,
1.32101 ,85964188,
1.32201 ,86103682,
1.32301 ,86243176,
1.32401 ,86382670,
1.32501 ,86522164,
1.32601 ,86661658,
1.32701 ,86802402,
1.32801 ,86943146,
1.32901 ,87083890,
1.33001 ,87224634,
1.33101 ,87365378,
1.33201 ,87506122,
1.33301 ,87646866,
1.33401 ,87787610,
1.33501 ,87928354,
1.33601 ,88069098,
1.33701 ,88209842,
1.33801 ,88351836,
1.33901 ,88493830,
1.34001 ,88635824,
1.34101 ,88777818,
1.34201 ,88920348,
1.34301 ,89062878,
1.34401 ,89205408,
1.34501 ,89347938,
1.34601 ,89490468,
1.34701 ,89633534,
1.34801 ,89776600,
1.34901 ,89919666,
1.35001 ,90062732,
1.35101 ,90205798,
1.35201 ,90348864,
1.35301 ,90491930,
1.35401 ,90634996,
1.35501 ,90778062,
1.35601 ,90921128,
1.35701 ,91065444,
1.35801 ,91209760,
1.35901 ,91354076,
1.36001 ,91498392,
1.36101 ,91642708,
1.36201 ,91787024,
1.36301 ,91931340,
1.36401 ,92075656,
1.36501 ,92219972,
1.36601 ,92364288,
1.36701 ,92508604,
1.36801 ,92654170,
1.36901 ,92799736,
1.37001 ,92945302,
1.37101 ,93090868,
1.37201 ,93236434,
1.37301 ,93382000,
1.37401 ,93527566,
1.37501 ,93673132,
1.37601 ,93818698,
1.37701 ,93964264,
1.37801 ,94111080,
1.37901 ,94257896,
1.38001 ,94404712,
1.38101 ,94551528,
1.38201 ,94698344,
1.38301 ,94845160,
1.38401 ,94991976,
1.38501 ,95138792,
1.38601 ,95285608,
1.38701 ,95432424,
1.38801 ,95580490,
1.38901 ,95728556,
1.39001 ,95876622,
1.39101 ,96024688,
1.39201 ,96172754,
1.39301 ,96320820,
1.39401 ,96468886,
1.39501 ,96616952,
1.39601 ,96765018,
1.39701 ,96913084,
1.39801 ,97062400,
1.39901 ,97211716,
1.40001 ,97361032,
1.40101 ,97510348,
1.40201 ,97659664,
1.40301 ,97808980,
1.40401 ,97958296,
1.40501 ,98107612,
1.40601 ,98256928,
1.40701 ,98406244,
1.40801 ,98556810,
1.40901 ,98707376,
1.41001 ,98857942,
1.41101 ,99008508,
1.41201 ,99159074,
1.41301 ,99309640,
1.41401 ,99460206,
1.41501 ,99610772,
1.41601 ,99761338,
1.41701 ,99911904,
1.41801 ,100062470,
1.41901 ,100214286,
1.42001 ,100366102,
1.42101 ,100517918,
1.42201 ,100669734,
1.42301 ,100822086,
1.42401 ,100974438,
1.42501 ,101126790,
1.42601 ,101279142,
1.42701 ,101431494,
1.42801 ,101584382,
1.42901 ,101737270,
1.43001 ,101890158,
1.43101 ,102043046,
1.43201 ,102195934,
1.43301 ,102349358,
1.43401 ,102502782,
1.43501 ,102656206,
1.43601 ,102809630,
1.43701 ,102963054,
1.43801 ,103116478,
1.43901 ,103269902,
1.44001 ,103423326,
1.44101 ,103576750,
1.44201 ,103730174,
1.44301 ,103884848,
1.44401 ,104039522,
1.44501 ,104194196,
1.44601 ,104348870,
1.44701 ,104503544,
1.44801 ,104658218,
1.44901 ,104812892,
1.45001 ,104967566,
1.45101 ,105122240,
1.45201 ,105276914,
1.45301 ,105432838,
1.45401 ,105588762,
1.45501 ,105744686,
1.45601 ,105900610,
1.45701 ,106056534,
1.45801 ,106212458,
1.45901 ,106368382,
1.46001 ,106524306,
1.46101 ,106680230,
1.46201 ,106836154,
1.46301 ,106992078,
1.46401 ,107149252,
1.46501 ,107306426,
1.46601 ,107463600,
1.46701 ,107620774,
1.46801 ,107777948,
1.46901 ,107935122,
1.47001 ,108092296,
1.47101 ,108249470,
1.47201 ,108406644,
1.47301 ,108563818,
1.47401 ,108722242,
1.47501 ,108880666,
1.47601 ,109039090,
1.47701 ,109197514,
1.47801 ,109355938,
1.47901 ,109514362,
1.48001 ,109672786,
1.48101 ,109831210,
1.48201 ,109989634,
1.48301 ,110148058,
1.48401 ,110307732,
1.48501 ,110467406,
1.48601 ,110627080,
1.48701 ,110786754,
1.48801 ,110946428,
1.48901 ,111106638,
1.49001 ,111266848,
1.49101 ,111427058,
1.49201 ,111587268,
1.49301 ,111747478,
1.49401 ,111908224,
1.49501 ,112068970,
1.49601 ,112229716,
1.49701 ,112390462,
1.49801 ,112551208,
1.49901 ,112711954,
1.50001 ,112872700,
1.50101 ,113033446,
1.50201 ,113194192,
1.50301 ,113354938,
1.50401 ,113516934,
1.50501 ,113678930,
1.50601 ,113840926,
1.50701 ,114002922,
1.50801 ,114164918,
1.50901 ,114326914,
1.51001 ,114488910,
1.51101 ,114650906,
1.51201 ,114812902,
1.51301 ,114974898,
1.51401 ,115138144,
1.51501 ,115301390,
1.51601 ,115464636,
1.51701 ,115627882,
1.51801 ,115791128,
1.51901 ,115954374,
1.52001 ,116117620,
1.52101 ,116280866,
1.52201 ,116444112,
1.52301 ,116607358,
1.52401 ,116771854,
1.52501 ,116936350,
1.52601 ,117100846,
1.52701 ,117265342,
1.52801 ,117429838,
1.52901 ,117594334,
1.53001 ,117758830,
1.53101 ,117923326,
1.53201 ,118087822,
1.53301 ,118252318,
1.53401 ,118418064,
1.53501 ,118583810,
1.53601 ,118749556,
1.53701 ,118915302,
1.53801 ,119081048,
1.53901 ,119247330,
1.54001 ,119413612,
1.54101 ,119579894,
1.54201 ,119746176,
1.54301 ,119912458,
1.54401 ,120079276,
1.54501 ,120246094,
1.54601 ,120412912,
1.54701 ,120579730,
1.54801 ,120746548,
1.54901 ,120913902,
1.55001 ,121081256,
1.55101 ,121248610,
1.55201 ,121415964,
1.55301 ,121583318,
1.55401 ,121750672,
1.55501 ,121918026,
1.55601 ,122085380,
1.55701 ,122252734,
1.55801 ,122420088,
1.55901 ,122588692,
1.56001 ,122757296,
1.56101 ,122925900,
1.56201 ,123094504,
1.56301 ,123263108,
1.56401 ,123431712,
1.56501 ,123600316,
1.56601 ,123768920,
1.56701 ,123937524,
1.56801 ,124106128,
1.56901 ,124275982,
1.57001 ,124445836,
1.57101 ,124615690,
1.57201 ,124785544,
1.57301 ,124955398,
1.57401 ,125125252,
1.57501 ,125295106,
1.57601 ,125464960,
1.57701 ,125634814,
1.57801 ,125804668,
1.57901 ,125975772,
1.58001 ,126146876,
1.58101 ,126317980,
1.58201 ,126489084,
1.58301 ,126660188,
1.58401 ,126831292,
1.58501 ,127002396,
1.58601 ,127173500,
1.58701 ,127344604,
1.58801 ,127515708,
1.58901 ,127686812,
1.59001 ,127857916,
1.59101 ,128029020,
1.59201 ,128200124,
1.59301 ,128371228,
1.59401 ,128542868,
1.59501 ,128714508,
1.59601 ,128886148,
1.59701 ,129057788,
1.59801 ,129229428,
1.59901 ,129401604,
1.60001 ,129573780,
1.60101 ,129745956,
1.60201 ,129918132,
1.60301 ,130090308,
1.60401 ,130262484,
1.60501 ,130434660,
1.60601 ,130606836,
1.60701 ,130779012,
1.60801 ,130951188,
1.60901 ,131124614,
1.61001 ,131298040,
1.61101 ,131471466,
1.61201 ,131644892,
1.61301 ,131818318,
1.61401 ,131991744,
1.61501 ,132165170,
1.61601 ,132338596,
1.61701 ,132512022,
1.61801 ,132685448,
1.61901 ,132858874,
1.62001 ,133033550,
1.62101 ,133208226,
1.62201 ,133382902,
1.62301 ,133557578,
1.62401 ,133732254,
1.62501 ,133906930,
1.62601 ,134081606,
1.62701 ,134256282,
1.62801 ,134430958,
1.62901 ,134605634,
1.63001 ,134781560,
1.63101 ,134957486,
1.63201 ,135133412,
1.63301 ,135309338,
1.63401 ,135485800,
1.63501 ,135662262,
1.63601 ,135838724,
1.63701 ,136015186,
1.63801 ,136191648,
1.63901 ,136368646,
1.64001 ,136545644,
1.64101 ,136722642,
1.64201 ,136899640,
1.64301 ,137076638,
1.64401 ,137254172,
1.64501 ,137431706,
1.64601 ,137609240,
1.64701 ,137786774,
1.64801 ,137964308,
1.64901 ,138141842,
1.65001 ,138319376,
1.65101 ,138496910,
1.65201 ,138674444,
1.65301 ,138851978,
1.65401 ,139030762,
1.65501 ,139209546,
1.65601 ,139388330,
1.65701 ,139567114,
1.65801 ,139745898,
1.65901 ,139924682,
1.66001 ,140103466,
1.66101 ,140282250,
1.66201 ,140461034,
1.66301 ,140639818,
1.66401 ,140819852,
1.66501 ,140999886,
1.66601 ,141179920,
1.66701 ,141359954,
1.66801 ,141539988,
1.66901 ,141720022,
1.67001 ,141900056,
1.67101 ,142080090,
1.67201 ,142260124,
1.67301 ,142440158,
1.67401 ,142620192,
1.67501 ,142801476,
1.67601 ,142982760,
1.67701 ,143164044,
1.67801 ,143345328,
1.67901 ,143527148,
1.68001 ,143708968,
1.68101 ,143890788,
1.68201 ,144072608,
1.68301 ,144254428,
1.68401 ,144436784,
1.68501 ,144619140,
1.68601 ,144801496,
1.68701 ,144983852,
1.68801 ,145166208,
1.68901 ,145348564,
1.69001 ,145530920,
1.69101 ,145713276,
1.69201 ,145895632,
1.69301 ,146077988,
1.69401 ,146261594,
1.69501 ,146445200,
1.69601 ,146628806,
1.69701 ,146812412,
1.69801 ,146996018,
1.69901 ,147179624,
1.70001 ,147363230,
1.70101 ,147546836,
1.70201 ,147730442,
1.70301 ,147914048,
1.70401 ,148097654,
1.70501 ,148282510,
1.70601 ,148467366,
1.70701 ,148652222,
1.70801 ,148837078,
1.70901 ,149021934,
1.71001 ,149206790,
1.71101 ,149391646,
1.71201 ,149576502,
1.71301 ,149761358,
1.71401 ,149946214,
1.71501 ,150132320,
1.71601 ,150318426,
1.71701 ,150504532,
1.71801 ,150690638,
1.71901 ,150876744,
1.72001 ,151062850,
1.72101 ,151248956,
1.72201 ,151435062,
1.72301 ,151621168,
1.72401 ,151807274,
1.72501 ,151994630,
1.72601 ,152181986,
1.72701 ,152369342,
1.72801 ,152556698,
1.72901 ,152744054,
1.73001 ,152931410,
1.73101 ,153118766,
1.73201 ,153306122,
1.73301 ,153493478,
1.73401 ,153680834,
1.73501 ,153869440,
1.73601 ,154058046,
1.73701 ,154246652,
1.73801 ,154435258,
1.73901 ,154623864,
1.74001 ,154813006,
1.74101 ,155002148,
1.74201 ,155191290,
1.74301 ,155380432,
1.74401 ,155569574,
1.74501 ,155759252,
1.74601 ,155948930,
1.74701 ,156138608,
1.74801 ,156328286,
1.74901 ,156518500,
1.75001 ,156708714,
1.75101 ,156898928,
1.75201 ,157089142,
1.75301 ,157279356,
1.75401 ,157469570,
1.75501 ,157659784,
1.75601 ,157849998,
1.75701 ,158040212,
1.75801 ,158230426,
1.75901 ,158420640,
1.76001 ,158612104,
1.76101 ,158803568,
1.76201 ,158995032,
1.76301 ,159186496,
1.76401 ,159377960,
1.76501 ,159569424,
1.76601 ,159760888,
1.76701 ,159952352,
1.76801 ,160143816,
1.76901 ,160335280,
1.77001 ,160527994,
1.77101 ,160720708,
1.77201 ,160913422,
1.77301 ,161106136,
1.77401 ,161298850,
1.77501 ,161492100,
1.77601 ,161685350,
1.77701 ,161878600,
1.77801 ,162071850,
1.77901 ,162265636,
1.78001 ,162459422,
1.78101 ,162653208,
1.78201 ,162846994,
1.78301 ,163040780,
1.78401 ,163234566,
1.78501 ,163428352,
1.78601 ,163622138,
1.78701 ,163815924,
1.78801 ,164009710,
1.78901 ,164203496,
1.79001 ,164398532,
1.79101 ,164593568,
1.79201 ,164788604,
1.79301 ,164983640,
1.79401 ,165178676,
1.79501 ,165373712,
1.79601 ,165568748,
1.79701 ,165763784,
1.79801 ,165958820,
1.79901 ,166153856,
